3 16 1 86 20 1 2 3600 3 3 1 1 2 0 3 2 6 2 1 1 1 1 2
3 1 125 796 58 1 2 2000 0 1 1 1 2 0 2 1 14 2 0 1 1 1 0
3 1 64 524 66 1 2 1000 0 2 1 1 2 0 2 3 5 1 0 1 1 1 0
3 17 18 556 9 1 4 1390 1 3 1 1 2 12 3 2 16 0 0 0 0 0 0
3 2 53 1122 10 1 4 1590 1 4 1 2 2 12 3 1 6 2 0 1 1 2 0
3 8 19 1341 25 1 2 2800 3 3 1 3 2 12 3 1 35 2 2 1 1 2 2
3 3 149 352 15 1 2 2800 0 1 1 1 2 0 2 3 6 1 0 1 1 1 0
3 11 102 445 40 1 2 3000 0 1 1 1 2 0 2 2 6 1 0 1 1 1 0
3 1 88 484 12 1 2 1500 3 4 1 1 2 12 3 3 18 2 2 1 1 1 2
3 10 93 1496 12 1 2 1400 1 3 1 1 2 12 3 1 6 1 2 1 1 1 0
3 16 164 1131 86 1 2 8700 1 2 1 1 1 24 2 3 25 2 0 1 1 1 0
3 8 129 853 39 1 2 4800 0 1 0 1 2 0 3 2 6 1 0 1 1 1 0
3 11 74 427 41 1 2 4000 0 1 1 1 1 0 2 2 6 1 0 1 1 1 0
3 11 66 119 12 1 4 1700 1 4 1 2 2 12 3 2 24 2 2 1 1 2 0
3 1 64 242 91 1 2 3500 0 2 2 1 2 0 5 3 18 2 0 1 1 1 0
3 15 112 513 16 1 2 4800 3 4 2 2 2 12 3 2 28 2 0 1 1 2 0
3 17 69 984 10 1 4 1250 3 3 1 1 2 12 3 1 18 1 2 1 1 2 0
3 16 1 86 130 1 2 13500 1 3 2 2 2 12 2 3 12 2 0 1 1 1 0
3 1 134 326 56 1 2 3600 1 1 1 1 2 12 2 2 18 2 0 1 1 2 0
3 1 64 108 96 1 2 3600 0 2 2 1 2 0 2 3 6 1 0 1 1 1 0
3 2 53 812 15 1 2 1830 1 3 1 1 2 12 3 3 6 1 0 1 1 2 0
3 16 157 152 126 1 6 15000 0 3 2 2 2 0 2 1 37 2 0 1 1 2 0
3 8 99 164 15 1 2 3300 3 4 1 2 2 0 3 2 27 2 0 1 1 2 0
3 9 32 715 50 1 1 1800 0 1 1 1 2 0 2 2 20 1 0 1 1 1 0
3 8 99 111 30 1 2 5300 1 1 1 1 1 12 2 2 5 1 0 1 1 1 2
3 8 5 186 20 1 2 2500 1 3 1 1 2 0 3 3 6 1 0 0 0 2 2
3 2 113 1256 8 1 4 1490 1 3 1 1 2 12 3 3 9 2 2 1 1 2 0
3 1 72 896 20 1 2 1500 1 3 1 1 2 12 3 3 11 2 2 1 1 1 0
3 1 125 1271 73 1 2 3100 0 2 1 1 2 0 2 3 5 1 0 1 1 1 0
3 1 152 967 39 1 2 3400 0 1 1 1 2 0 2 3 7 1 0 1 1 1 0
3 2 116 354 28 1 2 1799 3 1 1 1 2 12 3 3 4 0 0 0 0 0 0
3 11 24 692 48 1 2 4600 0 1 1 1 1 0 2 3 7 1 0 1 1 1 0
3 14 14 510 14 1 2 2430 1 3 1 1 2 12 3 2 7 1 0 1 1 2 0
3 1 135 838 35 1 2 3300 0 1 1 1 2 0 2 3 6 1 0 1 1 1 0
3 11 74 1372 54 1 2 4300 0 2 0 1 1 0 2 2 7 1 0 1 1 1 0
3 12 23 1452 12 1 4 1500 3 3 1 1 2 24 3 1 18 0 0 0 0 0 0
3 1 82 516 27 1 2 2100 3 3 1 3 2 12 3 3 14 0 0 0 0 0 0
3 1 138 582 25 1 2 1500 3 4 1 1 1 12 3 3 5 1 1 2 2 1 2
3 16 156 973 123 1 2 14000 1 2 2 2 2 24 2 3 32 2 0 1 1 2 2
3 11 74 140 39 1 2 3500 0 1 1 1 2 0 2 2 6 1 0 1 1 1 0
3 6 67 493 46 1 2 1800 0 2 0 1 1 0 2 2 6 1 0 1 1 1 0
3 8 6 52 30 1 2 5500 0 1 0 1 2 0 4 1 6 1 0 1 1 2 0
3 2 103 1212 12 1 2 1680 3 5 1 2 2 12 3 3 12 2 0 1 1 2 0
3 2 113 1461 15 1 4 1300 3 4 2 2 2 24 3 2 5 1 2 1 1 1 0
3 7 100 1201 34 1 2 4000 1 1 1 1 1 0 2 1 7 1 0 1 1 1 0
3 15 76 1511 36 1 2 7500 1 1 1 1 1 36 2 2 4 1 0 1 1 1 0
3 17 63 695 10 1 2 1590 1 3 1 1 2 12 3 3 6 1 0 1 1 2 0
3 12 23 1100 18 1 2 1800 3 1 0 1 2 12 3 2 3 0 0 0 0 0 0
3 11 142 674 47 1 4 4400 1 1 1 1 2 24 2 1 10 1 0 2 2 1 0
3 15 13 831 70 1 2 9500 1 2 1 1 2 12 2 2 6 1 0 1 1 1 0
3 11 58 1179 18 1 2 3300 1 4 1 1 2 12 3 2 35 2 0 1 1 1 0
3 1 125 200 73 1 2 2800 0 2 2 1 2 0 2 2 14 2 0 1 1 1 0
3 10 70 1527 12 1 2 1200 3 5 1 2 2 12 3 2 6 0 0 0 0 0 0
3 14 163 1375 36 1 2 4300 0 1 1 1 2 0 2 3 6 1 0 1 1 1 0
3 15 76 545 61 1 2 8000 0 2 1 1 1 0 2 3 7 1 0 1 1 1 0
3 15 13 956 41 1 2 7500 1 1 1 1 1 36 2 2 6 1 0 1 1 1 0
3 12 23 705 22 1 3 1500 1 1 0 1 2 12 3 3 4 0 0 0 0 0 0
3 7 47 802 20 1 2 2800 3 3 1 1 2 12 3 2 12 2 0 1 1 1 0
3 15 115 321 15 1 2 3380 3 5 2 2 2 12 3 2 27 2 2 1 1 2 2
3 8 99 189 39 1 2 5200 1 1 1 1 1 24 2 3 6 1 0 1 1 2 2
3 1 64 42 93 1 2 2500 0 2 2 1 2 0 2 3 6 1 0 1 1 1 0
3 12 20 907 80 1 2 2800 1 2 1 1 2 12 2 2 14 1 0 0 0 0 0
3 8 119 827 40 1 2 6200 1 1 0 1 2 12 2 2 5 1 0 1 1 2 0
3 8 99 223 52 1 2 6500 1 2 1 1 2 12 2 2 6 1 0 1 1 2 2
3 1 134 864 19 1 2 1504 1 5 0 1 2 0 3 1 6 0 0 0 0 0 0
3 8 129 1167 63 1 2 6200 1 2 1 1 2 12 2 2 6 1 0 1 1 1 0
3 11 58 1179 16 1 2 2200 3 4 1 2 2 12 3 3 34 2 0 1 1 1 0
3 1 72 662 90 1 2 3300 0 2 1 1 1 0 2 3 6 1 0 1 1 1 0
3 16 132 942 153 1 2 14900 1 3 2 1 1 36 2 2 32 2 0 1 1 1 0
3 15 115 251 59 1 2 8800 1 1 1 1 2 24 2 1 31 2 0 1 1 2 2
3 7 124 290 41 1 2 3600 1 1 1 1 1 24 2 3 6 1 0 1 1 1 0
3 8 42 843 56 1 2 6000 1 1 1 1 1 24 4 1 18 2 0 1 1 2 2
3 1 79 1262 40 1 2 2800 0 1 2 1 2 0 2 1 5 1 0 1 1 1 0
3 12 80 216 16 1 3 1200 3 1 0 1 2 12 3 3 3 0 0 0 0 0 0
3 12 155 548 18 1 2 1600 1 3 1 1 2 12 3 2 18 1 0 0 0 0 0
3 8 6 62 58 1 2 7000 1 1 1 1 2 12 2 1 23 2 0 1 1 1 0
3 11 33 356 34 1 2 4000 0 1 1 1 1 0 2 3 6 1 0 1 1 1 0
3 1 135 51 35 1 2 3000 3 1 1 1 2 24 3 2 26 1 2 2 2 1 1
3 1 12 1128 65 1 2 3500 1 2 1 1 2 12 2 2 6 1 0 1 1 1 0
3 8 31 390 64 1 2 4800 1 2 1 1 2 12 2 3 6 1 0 1 1 1 0
3 12 35 711 52 1 2 2500 0 2 1 1 2 0 2 1 6 1 0 1 1 1 0
3 11 58 1179 28 1 6 2900 3 4 1 2 2 12 3 3 34 2 0 1 1 1 0
3 15 115 1306 72 1 2 9500 1 1 2 1 2 12 2 1 34 2 0 1 1 2 2
3 8 19 1341 28 1 2 3000 3 3 0 3 2 12 3 3 25 2 0 1 1 2 0
3 12 34 793 98 1 2 3000 0 3 1 1 2 0 2 2 27 1 0 1 1 0 0
3 15 112 828 15 1 2 4200 3 4 2 2 2 12 3 3 30 0 2 1 1 2 0
3 1 25 467 118 1 2 2400 0 3 2 2 2 0 2 3 16 2 0 1 1 1 0
3 8 56 274 54 1 2 4600 0 2 0 1 2 0 2 2 6 1 0 1 1 1 0
3 6 67 493 53 1 2 1700 0 2 1 1 2 0 5 3 5 1 0 1 1 2 0
3 11 160 1020 39 1 2 4200 1 1 0 1 2 12 2 2 6 1 0 1 1 2 0
3 2 113 935 15 1 2 1200 3 3 1 1 2 12 3 3 6 1 0 1 1 1 0
3 8 119 1518 41 1 2 5500 0 1 1 1 2 0 2 3 7 1 0 1 1 2 0
3 2 46 1187 39 1 2 2200 0 1 1 1 2 0 2 2 6 1 0 1 1 2 2
3 2 113 417 8 1 4 1530 1 3 1 2 2 12 3 3 18 2 0 1 1 2 0
3 2 113 417 18 1 2 1700 3 3 1 1 2 12 3 2 17 1 0 1 1 1 0
3 11 102 107 89 1 2 4500 1 2 2 1 2 0 2 1 5 1 0 1 1 1 0
3 1 64 1427 79 1 2 2500 0 2 1 1 2 0 2 2 14 2 0 1 1 2 2
3 2 89 900 18 1 4 1800 3 5 0 2 2 12 3 1 12 2 2 1 1 2 0
3 6 67 147 15 1 2 1100 3 4 1 2 2 12 3 2 20 0 0 0 0 0 0
3 1 72 528 64 1 2 3800 1 1 1 1 2 24 2 3 16 2 0 1 1 2 2
3 8 119 1278 54 1 2 6900 1 1 1 1 2 12 2 3 23 2 0 1 1 2 2
3 8 129 148 66 1 6 6000 1 2 1 1 2 36 4 1 6 1 0 1 1 2 2
3 12 78 491 140 1 0 3000 0 4 2 3 0 0 0 3 4 1 0 1 1 1 0
3 1 73 848 35 1 2 3800 0 1 0 1 2 0 2 2 6 1 0 1 1 1 0
3 7 124 688 18 1 6 2600 3 4 1 1 2 12 3 3 16 2 0 1 1 2 0
3 15 76 4 51 1 1 7500 1 1 1 1 2 12 2 2 29 2 0 1 1 1 1
3 10 70 353 14 1 4 1580 3 3 1 1 2 24 3 2 15 1 0 2 2 1 0
3 8 129 794 34 1 2 4700 1 1 1 1 2 24 2 2 6 1 0 1 1 2 2
3 13 109 592 12 1 2 3600 3 5 1 2 2 12 3 3 28 0 0 0 0 0 0
3 11 74 571 12 1 2 2050 3 5 1 1 2 12 3 1 28 0 0 0 0 0 0
3 17 18 817 48 1 3 1900 0 1 1 1 2 0 2 3 3 1 0 2 2 1 0
3 8 129 914 64 1 2 5500 1 2 1 1 2 24 2 3 4 1 0 1 1 2 2
3 14 14 1096 12 1 2 2400 3 4 1 1 2 12 3 1 23 0 0 0 0 0 0
3 8 6 676 47 1 2 5000 0 1 1 1 2 0 2 3 5 1 0 1 1 1 0
3 9 143 394 7 1 4 1290 1 4 1 3 2 12 3 2 11 1 0 1 1 2 0
3 16 1 86 142 1 2 13000 1 3 2 2 2 12 2 2 30 2 0 1 1 1 0
3 11 58 1179 23 1 2 3200 3 4 2 2 2 12 3 2 34 2 0 1 1 1 0
3 14 163 1545 77 1 2 4000 0 2 1 1 2 0 2 2 35 1 0 0 0 0 0
3 15 112 1483 46 1 4 7000 3 1 1 1 2 24 3 1 22 2 2 1 1 2 2
3 8 31 818 75 1 2 4900 0 2 1 1 2 0 2 1 6 1 0 1 1 1 0
3 11 66 792 36 1 2 3700 0 1 1 1 2 0 2 2 6 1 0 1 1 1 0
3 2 55 498 7 1 4 1790 1 4 1 2 2 12 3 1 13 2 2 1 1 2 0
3 9 4 1161 55 1 2 2000 0 1 1 1 2 0 2 3 29 1 0 2 2 1 0
3 2 113 236 15 1 2 1050 3 2 1 1 2 12 3 2 6 1 0 1 1 1 0
3 16 157 1109 67 1 2 10000 1 1 2 1 2 24 2 1 32 2 0 1 1 1 0
3 12 122 1292 74 1 2 2500 0 2 1 1 2 0 2 3 6 1 0 1 1 1 0
3 2 113 236 18 1 2 1020 3 2 1 1 2 24 3 2 5 1 0 1 1 1 0
3 16 157 632 136 1 2 10000 0 3 2 2 2 0 2 1 24 2 0 2 2 1 2
3 8 6 888 10 1 2 2980 3 5 2 2 2 12 3 2 30 2 2 1 1 2 0
3 16 26 268 68 1 2 10000 1 2 1 1 2 0 2 3 32 2 0 1 1 2 0
3 14 163 1545 56 1 2 3100 0 1 1 1 2 0 2 2 30 1 0 0 0 0 0
3 8 128 862 90 1 2 6600 0 2 2 1 1 0 2 3 35 2 0 1 1 1 0
3 12 34 1436 94 1 2 2800 0 3 2 1 1 0 2 3 6 1 0 1 1 1 0
3 8 42 1459 62 1 2 6300 1 2 1 1 2 12 2 1 6 1 0 1 1 2 2
3 15 112 1483 40 1 2 6000 3 1 1 1 2 12 3 2 22 2 2 1 1 2 2
3 8 119 1502 60 1 2 6100 1 2 0 1 2 12 2 3 7 1 0 1 1 1 0
3 2 113 1328 26 1 6 1560 3 1 1 1 2 12 3 1 22 1 0 1 1 1 0
3 10 65 708 59 1 2 2200 1 2 1 1 1 12 2 2 6 1 0 1 1 1 0
3 8 127 1177 50 1 2 6700 0 1 2 1 2 0 2 2 32 2 0 1 1 2 2
3 17 18 637 15 1 2 1500 3 3 1 1 2 12 3 2 18 1 0 0 0 0 0
3 1 125 80 25 1 2 1700 3 4 1 2 2 12 3 2 3 0 2 0 0 0 2
3 16 157 815 98 1 2 9900 1 2 2 1 2 12 2 3 29 2 0 1 1 2 0
3 11 39 1384 32 1 2 3500 0 1 0 1 2 0 2 2 5 1 0 1 1 1 0
3 8 6 737 55 1 2 6300 1 2 1 1 2 24 2 3 7 1 0 1 1 1 0
3 2 55 1453 30 1 4 2000 0 1 0 1 2 0 2 3 13 2 0 1 1 1 0
3 15 13 1229 33 1 6 7500 0 1 1 1 2 0 2 2 5 1 0 1 1 1 0
3 8 31 1183 111 1 2 7000 0 3 2 1 2 0 2 1 16 2 0 1 1 1 0
3 11 71 1562 17 1 2 2400 1 3 1 2 2 12 3 3 6 1 2 1 1 2 0
3 11 21 1400 18 1 4 1800 3 4 1 1 2 12 3 1 17 2 2 1 1 1 2
3 15 76 99 68 1 8 9000 1 2 1 1 2 36 2 2 6 1 0 1 1 1 0
3 11 21 663 62 1 2 4600 0 1 1 1 2 0 2 3 6 1 0 1 1 1 0
3 8 129 1143 66 1 2 6800 1 2 1 1 2 12 2 2 6 1 0 1 1 1 0
3 11 33 463 26 1 4 3400 0 1 1 1 1 0 2 3 5 1 0 1 1 1 0
3 12 122 1344 48 1 2 2700 0 2 1 2 2 0 2 3 11 2 0 1 1 1 2
3 1 82 1288 20 1 4 1950 3 4 1 4 2 12 3 1 6 0 2 0 0 0 0
3 4 40 966 221 1 2 3000 0 3 3 2 2 0 2 -2 1 1 0 1 1 1 0
3 16 157 872 89 1 2 11000 1 2 2 1 2 36 2 1 33 2 0 1 1 2 2
3 12 35 504 82 1 2 3500 0 3 1 1 2 0 2 2 5 1 0 1 1 1 0
3 1 2 636 16 1 2 1300 3 2 1 1 2 12 3 3 6 1 0 1 1 1 0
3 1 79 1343 24 1 2 1900 5 1 0 1 2 12 3 1 11 2 2 1 1 2 0
3 10 151 587 69 1 2 2100 0 2 1 1 2 0 2 1 18 2 0 0 0 0 0
3 12 155 548 16 1 2 1600 1 3 1 1 2 12 3 2 18 1 2 1 1 2 2
3 14 14 371 30 1 2 4000 0 1 1 1 2 0 2 1 6 1 0 1 1 2 0
3 8 129 67 61 1 2 6500 0 3 1 1 2 0 2 2 6 1 0 1 1 2 2
3 8 6 842 48 1 2 6300 3 2 1 1 2 24 2 3 7 1 0 1 1 2 0
3 17 108 781 9 1 4 1530 1 3 1 1 2 12 3 3 6 1 0 1 1 2 0
3 11 24 850 46 1 2 4500 0 1 1 1 2 0 2 2 7 1 0 1 1 2 2
3 12 34 1036 90 1 2 2800 0 2 2 1 2 0 2 1 14 1 0 1 1 1 0
3 8 119 1250 34 1 2 5300 1 1 0 1 2 36 2 3 6 1 0 1 1 2 2
3 13 86 870 15 1 2 3300 3 5 2 3 2 12 3 1 25 2 0 1 1 2 0
3 1 133 619 10 1 1 1650 3 4 1 2 2 12 3 3 6 0 1 0 0 0 0
3 13 86 870 15 1 2 3300 3 5 2 3 2 12 3 1 25 2 0 1 1 2 0
3 8 129 794 59 1 1 6500 1 2 0 1 2 24 2 3 6 1 0 1 1 2 2
3 15 13 471 54 1 2 7400 1 1 2 1 2 12 2 3 6 1 0 1 1 1 0
3 16 132 803 14 1 2 3700 3 5 1 2 2 12 3 2 32 2 2 1 1 1 0
3 12 34 1036 90 1 2 3000 0 2 2 1 2 0 2 3 14 1 0 1 1 1 0
3 8 42 843 56 1 2 6500 1 1 1 1 2 24 2 1 18 2 0 1 1 2 2
3 11 71 1071 10 1 3 2230 1 4 1 2 2 12 3 1 16 0 0 0 0 0 0
3 17 131 63 12 1 2 1590 1 3 1 1 2 12 3 2 6 1 0 1 1 2 0
3 2 55 1211 30 1 4 2600 0 1 0 1 2 0 2 1 13 2 0 1 1 1 0
3 16 157 872 90 1 2 12000 1 2 2 1 2 12 2 3 35 2 0 1 1 2 2
3 15 76 1402 40 1 4 8500 0 1 1 1 2 0 2 2 8 2 0 1 1 2 0
3 11 66 1381 48 1 2 4300 0 1 1 1 2 0 2 3 6 1 0 1 1 1 0
3 8 6 114 36 1 2 5800 1 1 1 1 2 12 2 2 6 1 0 1 1 1 0
3 12 78 969 90 1 2 2000 0 2 2 1 2 0 2 3 4 1 0 1 1 1 0
3 1 79 1160 70 1 2 3500 0 2 1 1 2 0 2 2 15 2 0 1 1 1 0
3 1 2 313 18 1 2 1550 3 3 1 3 2 12 3 2 18 0 0 0 0 0 0
3 17 69 1598 18 1 2 1630 3 1 1 1 2 12 3 1 18 2 2 1 1 2 0
3 1 82 516 18 1 4 1900 3 3 1 3 2 12 3 3 6 0 0 0 0 0 0
3 2 51 722 26 1 2 2600 0 1 1 1 2 0 2 2 4 1 0 2 2 1 0
3 15 115 409 38 1 6 5380 3 1 1 1 2 12 3 3 20 1 2 1 1 2 2
3 7 61 856 35 1 2 3300 0 1 1 1 2 0 2 3 6 1 0 1 1 1 0
3 8 119 1043 41 1 2 5400 1 1 1 1 1 36 2 1 6 1 0 1 1 2 2
3 9 143 415 10 1 4 1190 1 4 1 2 2 12 3 3 18 2 2 1 1 2 0
3 1 72 173 100 1 2 3600 1 2 2 1 2 24 2 2 14 2 0 1 1 1 0
3 8 144 168 30 1 2 4700 1 1 1 1 2 12 2 1 6 1 0 1 1 2 0
3 1 72 567 55 1 2 3800 0 1 1 1 1 0 2 2 12 2 0 1 1 1 0
3 16 157 632 72 1 2 10000 0 1 2 1 2 0 2 1 24 2 0 2 2 1 2
3 8 129 863 55 1 2 5700 0 2 1 1 2 0 2 3 6 1 0 1 1 2 2
3 9 130 542 10 1 4 1160 1 4 1 1 2 12 3 1 5 1 0 1 1 2 0
3 2 113 1189 25 1 1 1550 3 1 1 1 2 0 3 3 6 1 2 2 2 1 0
3 8 129 1185 58 1 2 5500 0 1 1 1 1 0 2 3 6 1 0 1 1 1 0
3 11 71 27 42 1 2 3700 0 1 1 1 2 0 2 2 6 1 0 1 1 1 0
3 8 144 61 48 1 2 4800 1 1 1 1 2 0 2 2 6 1 0 1 1 1 0
3 2 89 754 11 1 2 1500 3 4 1 2 2 12 3 3 12 2 2 1 1 1 2
3 1 2 636 16 1 2 2000 3 4 0 3 2 24 3 2 6 2 0 1 1 1 0
3 11 39 881 25 1 2 3300 3 1 1 1 2 12 3 2 6 2 2 1 1 2 0
3 8 6 842 48 1 2 6000 1 2 0 1 2 12 2 2 7 1 0 1 1 2 0
3 11 66 1290 77 1 2 4600 0 2 1 1 2 0 2 2 6 1 0 1 1 1 0
3 6 67 346 85 1 2 1900 0 2 2 1 1 0 2 3 6 1 0 1 1 1 0
3 16 157 991 63 1 2 12500 1 1 2 1 2 12 4 2 30 2 0 1 1 2 2
3 8 119 559 40 1 2 4800 0 1 1 1 2 0 2 3 6 1 0 1 1 2 0
3 16 1 153 94 1 8 13000 1 2 2 1 2 12 2 3 37 2 0 1 1 2 2
3 1 72 1041 52 1 2 3200 0 2 1 1 2 0 2 3 5 1 0 1 1 1 0
3 10 48 1349 15 1 4 1450 3 4 1 2 2 12 3 2 14 2 0 1 1 2 0
3 12 23 339 20 1 2 1500 3 1 0 1 2 24 3 3 4 0 0 0 0 0 0
3 16 157 79 133 1 8 11500 1 2 2 1 2 24 2 2 32 2 0 1 1 2 0
3 7 124 368 41 1 2 3600 0 1 1 1 2 0 2 3 4 1 0 1 1 2 2
3 7 47 742 42 1 2 4000 0 1 1 1 2 0 5 2 6 1 0 1 1 1 0
3 2 89 1061 19 1 2 1758 3 4 1 2 2 12 3 2 19 2 0 1 1 1 0
3 2 113 295 22 1 2 1700 3 3 1 1 2 12 3 1 11 2 1 1 1 1 0
3 15 76 4 60 1 2 9500 1 1 1 1 2 24 2 2 29 2 0 1 1 1 1
3 11 24 325 48 1 3 3900 0 1 1 1 2 0 2 3 20 2 0 2 2 1 0
3 10 68 441 72 1 2 2000 0 2 2 1 2 0 2 3 6 1 0 1 1 1 0
3 11 71 1579 20 1 4 2688 3 3 2 1 2 12 2 3 18 2 0 1 1 2 0
3 16 43 1057 54 1 2 15000 0 1 1 2 2 0 5 3 4 1 0 1 1 1 0
3 12 23 638 15 1 4 1520 3 1 0 1 2 0 3 2 3 0 0 0 0 0 0
3 1 134 187 51 1 2 3000 1 2 0 1 2 12 2 2 5 1 0 1 1 2 2
3 10 93 139 25 1 2 1450 1 3 1 1 2 12 3 3 1 1 0 1 1 1 0
3 11 58 1179 18 1 8 3000 3 5 2 2 2 12 3 1 34 2 0 1 1 1 0
3 8 129 350 40 1 2 4600 1 1 1 1 2 12 2 1 6 1 0 1 1 2 1
3 1 64 1097 81 1 2 2400 0 2 2 1 2 0 2 3 4 1 0 1 1 2 2
3 12 34 990 82 1 2 3300 0 3 1 1 2 0 2 3 6 1 0 1 1 1 0
3 3 149 422 29 1 2 3500 3 1 1 1 2 12 2 2 6 1 0 1 1 1 0
3 16 1 878 128 1 6 14000 0 1 1 1 2 0 2 1 31 2 0 2 2 1 1
3 11 74 378 38 1 2 4000 1 1 1 1 1 24 2 3 6 1 0 1 1 1 0
3 1 135 936 25 1 2 2300 1 3 1 1 2 12 3 1 13 1 0 1 1 1 0
3 15 112 1075 52 1 2 7800 1 2 1 1 2 36 2 3 4 1 0 1 1 2 1
3 1 25 8 140 1 2 3500 0 4 2 2 2 0 2 1 18 2 0 1 1 1 0
3 10 70 353 15 1 4 1580 3 3 1 2 2 24 3 3 16 1 2 2 2 2 0
3 2 113 1499 25 1 2 1800 1 2 2 1 2 24 3 3 2 0 1 0 0 0 2
3 11 66 1280 52 1 2 3500 0 1 1 1 2 0 2 3 6 1 0 1 1 1 0
3 11 58 1179 30 1 2 2600 1 4 1 2 2 12 3 1 34 2 1 1 1 1 1
3 16 157 319 139 1 2 12162 1 2 2 2 2 12 2 1 27 1 0 1 1 1 0
3 8 129 1313 55 1 6 5000 1 2 1 1 1 36 4 2 6 1 0 1 1 2 2
3 2 55 1211 30 1 2 2600 0 1 0 1 2 0 2 1 13 2 0 1 1 2 2
3 1 64 42 56 1 2 1500 0 2 1 1 2 0 2 3 5 1 0 1 1 1 2
3 12 20 907 96 1 2 3500 0 3 2 1 2 0 2 2 14 1 0 0 0 1 0
3 1 64 679 96 1 2 2800 0 2 2 1 2 0 2 3 5 1 0 1 1 1 0
3 8 6 875 12 1 2 3590 1 3 1 1 2 12 3 2 24 0 0 0 0 0 0
3 1 88 677 12 1 2 1600 3 5 0 5 2 12 3 1 11 0 2 0 0 0 0
3 7 158 133 41 1 2 3800 0 1 0 1 1 0 2 1 6 1 0 1 1 1 0
3 12 155 432 9 1 2 1730 1 3 1 1 2 12 3 3 18 0 2 0 0 0 0
3 11 160 1307 28 1 2 2500 3 3 1 2 2 12 3 2 21 2 0 1 1 2 0
3 8 6 682 48 1 2 6700 0 2 0 1 2 0 3 2 6 1 0 1 1 2 2
3 2 89 586 118 1 2 6200 0 2 2 2 2 0 3 1 15 2 0 1 1 2 2
3 13 57 410 20 1 4 2750 1 3 1 3 2 24 3 3 6 1 2 1 1 1 2
3 8 129 350 57 1 2 5800 0 2 1 1 2 0 3 3 6 1 0 1 1 2 1
3 8 144 1357 50 1 2 4300 1 1 1 1 2 24 3 3 6 1 2 1 1 2 0
3 8 6 670 32 1 2 4900 0 1 1 1 2 0 3 1 7 2 0 1 1 1 0
3 1 41 1463 69 1 2 6800 0 2 1 1 2 0 3 1 25 2 0 1 1 1 0
3 10 70 307 58 1 2 4800 0 1 1 1 2 0 3 2 16 2 0 1 1 2 2
3 15 13 1311 31 1 2 5760 1 1 1 1 2 12 3 3 6 1 0 1 1 2 0
3 11 39 881 25 1 1 3100 3 1 1 1 2 12 3 2 4 2 2 1 1 2 0
3 1 121 748 9 1 4 1890 3 3 1 1 1 12 3 3 6 0 0 0 0 0 0
3 2 89 219 97 1 2 6200 0 2 2 1 2 0 3 2 14 2 0 1 1 2 2
3 2 89 1439 60 1 2 4300 0 2 1 1 2 0 3 2 6 1 0 1 1 1 0
3 1 41 1583 36 1 2 4600 0 1 1 1 2 0 3 1 6 1 0 1 1 1 0
3 2 96 1213 15 1 6 1400 3 3 1 1 2 12 3 1 13 2 0 1 1 1 0
3 1 41 1294 40 1 2 4100 0 1 0 1 2 0 3 3 6 1 0 1 1 1 0
3 1 54 408 39 1 2 4500 0 1 1 1 2 0 3 3 6 1 0 1 1 1 0
3 2 113 1310 15 1 2 1050 3 3 1 1 2 12 3 2 18 0 0 0 0 0 0
3 2 75 1501 53 1 2 3300 0 1 1 1 2 0 3 -2 6 1 0 1 1 1 0
3 1 41 193 40 1 2 4800 0 1 0 1 2 0 3 3 6 1 0 1 1 2 0
3 1 136 1492 51 1 2 4300 0 1 1 1 2 0 3 1 6 1 0 1 1 1 0
3 16 1 1300 32 1 4 5160 1 1 1 1 2 12 3 3 7 1 0 1 1 2 0
3 8 129 1313 54 1 2 5600 0 2 1 1 2 0 3 3 6 1 0 1 1 2 2
3 2 103 393 87 1 2 5400 0 2 2 1 2 0 3 3 6 1 0 1 1 1 0
3 11 39 120 25 1 3 3300 3 1 1 1 2 24 3 3 6 1 0 1 1 1 0
3 3 149 684 18 1 2 2800 1 2 1 1 2 0 3 3 6 1 2 1 1 1 0
3 8 144 1585 62 1 2 6800 0 1 1 1 2 0 3 2 22 2 0 1 1 2 0
3 2 75 1378 76 1 2 4999 0 3 0 0 2 0 3 1 6 1 0 1 1 1 0
3 10 70 887 41 1 2 4200 0 1 1 1 2 0 3 2 15 2 0 1 1 2 0
3 2 60 1317 45 1 2 4500 0 1 1 1 2 0 3 3 6 1 0 1 1 1 0
3 2 75 610 104 1 2 6000 0 2 2 1 2 0 3 2 17 2 0 1 1 2 0
3 2 103 1592 53 1 2 4200 0 2 1 1 2 0 3 3 6 1 0 1 1 2 0
3 14 14 414 11 1 2 2560 1 3 1 2 2 12 3 2 22 2 0 1 1 2 0
3 8 144 1383 19 1 2 2600 3 3 1 2 2 12 3 2 35 2 1 1 1 2 1
3 1 121 1 18 1 2 2200 3 2 1 1 2 12 3 1 6 1 0 1 1 1 0
3 2 75 1530 54 1 2 3500 0 1 1 1 2 0 3 1 13 2 0 1 1 1 0
3 1 121 738 8 1 4 1890 1 3 1 1 2 12 3 3 6 2 0 1 1 2 0
3 10 70 1069 119 1 2 7800 0 3 2 2 2 0 3 3 20 2 0 1 1 2 0
3 10 70 307 106 1 2 7300 0 3 2 1 2 0 3 3 14 2 0 1 1 2 2
3 1 133 619 10 1 1 1650 3 4 1 2 2 12 3 3 6 1 2 1 1 1 2
3 2 75 1389 84 1 2 6600 0 2 2 1 2 0 3 1 17 2 0 1 1 1 0
3 10 70 887 68 1 2 5650 0 2 2 2 2 0 3 -2 15 2 0 1 1 2 0
3 10 70 1339 96 1 2 5500 0 2 2 1 2 0 3 2 13 2 0 1 1 2 0
3 11 39 120 25 1 2 3200 3 1 1 1 2 24 3 3 6 1 0 1 1 1 0
3 1 121 841 128 1 2 12000 0 3 2 2 2 0 3 3 13 2 0 1 1 2 0
3 10 70 97 135 1 2 7600 0 3 2 2 2 0 3 1 29 2 0 1 1 1 0
3 16 157 399 48 1 2 6900 3 1 1 1 2 12 3 3 7 1 0 1 1 1 2
3 11 58 1179 10 1 2 1700 3 3 2 1 2 12 3 2 34 2 2 1 1 1 2
3 9 92 302 16 1 2 1300 3 4 1 3 2 12 3 2 12 2 2 1 1 1 2
3 1 136 1500 15 1 2 2080 3 1 0 1 2 12 3 3 3 1 1 1 1 1 2
3 1 121 1431 44 1 2 4500 0 1 1 1 2 0 3 1 6 1 0 1 1 1 0
3 1 88 1340 18 1 1 1350 3 1 0 1 2 12 3 3 3 0 0 0 0 0 0
3 8 6 1532 64 1 2 7700 0 2 1 1 2 0 3 3 24 2 0 1 1 2 2
3 8 144 68 37 1 2 4760 0 1 1 1 2 0 3 3 6 1 0 1 1 2 0
3 8 129 345 47 1 2 5400 0 2 1 1 2 0 3 3 6 1 0 1 1 2 0
3 8 6 720 40 1 2 6300 0 1 1 1 2 0 3 2 5 2 0 1 1 1 0
3 8 31 229 66 1 2 4730 0 2 1 1 2 0 3 1 6 1 0 0 0 2 2
3 13 86 694 9 1 1 3130 1 4 1 2 2 12 3 3 24 0 0 0 0 0 0
3 16 97 710 102 1 2 14000 0 2 2 1 2 0 3 3 31 2 0 1 1 2 2
3 11 39 881 36 1 2 3300 3 1 1 1 2 12 3 2 8 2 0 1 1 2 0
3 15 112 1483 46 1 1 6800 5 1 1 1 2 36 3 2 22 2 2 1 1 2 2
3 8 6 454 94 1 2 12600 0 2 2 1 2 0 3 1 10 2 0 1 1 2 2
3 1 45 1011 51 1 2 5900 0 1 1 1 2 0 3 3 28 2 0 1 1 2 2
3 15 112 447 25 1 2 4200 1 1 0 1 2 12 2 3 4 1 0 1 1 2 2
3 16 97 731 14 1 2 3600 3 4 1 2 2 12 3 1 28 2 0 1 1 2 0
3 2 103 1258 86 1 2 4800 0 2 2 1 2 0 3 2 6 1 0 1 1 1 0
3 8 6 1321 95 1 2 12000 0 2 2 1 2 0 3 2 22 2 0 1 1 2 0
3 1 121 761 88 1 2 9800 0 2 2 1 2 0 3 3 33 2 0 0 0 2 0
3 1 121 974 99 1 2 9300 0 2 2 1 2 0 3 1 8 2 0 1 1 1 0
3 17 69 984 23 1 2 1480 3 1 1 1 2 24 3 2 18 1 1 1 1 2 1
3 8 6 613 110 1 2 13888 0 2 2 2 2 0 3 2 34 2 0 1 1 2 0
3 2 89 100 62 1 2 4700 0 2 1 1 2 0 3 3 6 1 0 1 1 2 0
3 10 70 934 55 1 2 3700 0 1 1 1 2 0 3 2 11 2 0 1 1 1 0
3 1 2 1363 23 1 2 1500 3 3 0 1 2 12 3 1 12 2 0 1 1 2 0
3 2 103 1576 80 1 2 5300 0 3 1 1 2 0 3 3 6 1 0 1 1 2 0
3 2 36 1587 15 1 2 1850 3 5 1 5 2 24 2 2 6 1 2 1 1 1 0
3 7 124 366 10 1 3 2530 1 4 1 2 2 12 3 3 24 2 0 1 1 2 0
3 14 163 1545 6 1 4 1730 1 3 1 1 2 12 3 3 31 1 0 1 1 2 0
3 1 135 308 18 1 2 2300 1 3 1 1 2 12 3 3 16 2 0 1 1 2 0
3 15 115 272 46 1 2 6500 1 1 1 1 2 24 2 3 7 1 0 1 1 2 2
3 8 128 214 53 1 2 3700 0 2 0 1 2 0 5 1 6 1 0 1 1 1 0
3 8 83 1515 63 1 2 3800 0 2 1 2 1 0 2 3 6 1 0 1 1 1 0
3 11 33 463 28 1 2 2380 1 5 1 2 2 12 3 1 6 0 2 0 0 0 0
3 11 39 881 32 1 2 3300 3 1 1 1 2 12 3 3 5 2 0 1 1 2 0
3 8 6 1401 37 1 2 3900 1 1 0 1 1 36 5 3 6 1 0 1 1 1 0
3 8 42 104 32 1 2 4300 1 1 1 1 1 36 2 2 6 1 0 1 1 2 0
3 1 121 457 9 1 4 1630 3 3 1 1 2 12 3 2 6 0 0 1 1 0 0
3 14 163 977 28 1 2 2450 3 1 1 1 2 12 3 3 2 1 2 1 1 1 2
3 10 70 520 89 1 2 6200 0 3 2 1 2 0 3 2 18 2 0 1 1 2 2
3 8 129 388 63 1 2 5400 0 2 1 1 2 0 3 2 6 1 0 1 1 1 0
3 8 56 1517 59 1 2 4800 0 2 1 1 2 0 3 3 6 1 0 1 1 2 0
3 16 9 1024 84 1 2 12500 0 1 2 1 2 0 3 3 35 2 0 1 1 2 2
3 16 1 1513 55 1 2 7300 1 2 1 1 2 12 2 2 7 1 0 1 1 1 0
3 8 144 449 42 1 2 5460 0 1 1 1 2 0 3 3 18 2 0 1 1 2 2
3 15 76 4 45 1 8 6800 3 1 1 1 2 12 3 2 29 2 2 1 1 1 1
3 16 97 1414 60 1 2 10500 0 2 1 1 2 0 3 2 3 1 0 1 1 1 0
3 8 19 1341 20 1 2 2800 3 2 1 2 2 12 3 2 30 2 2 1 1 2 2
3 2 113 948 17 1 2 1700 3 3 1 1 2 12 3 1 18 2 2 1 1 2 0
3 8 6 284 67 1 2 6500 0 1 2 1 2 0 3 3 18 2 0 1 1 2 0
3 8 31 1031 70 1 2 4890 0 2 1 1 2 0 3 1 6 1 0 1 1 2 2
3 8 129 342 39 1 2 4760 0 1 1 1 2 0 3 3 7 1 0 1 1 1 0
3 8 83 41 114 1 2 6030 0 4 1 2 2 0 3 3 6 1 0 1 1 1 0
3 11 30 330 20 1 2 2000 3 4 1 1 2 12 3 3 6 1 2 1 1 1 0
3 1 135 838 38 1 2 3600 0 1 0 1 2 0 3 1 6 1 0 1 1 1 0
3 1 136 718 52 1 2 5600 0 1 1 1 2 0 3 2 6 1 0 1 1 2 2
3 8 129 741 77 1 2 7680 0 2 2 1 2 0 3 3 6 1 0 1 1 1 0
3 8 6 1269 65 1 2 7688 0 1 2 1 2 0 3 2 26 2 0 1 1 2 0
3 8 144 939 87 1 2 10800 0 2 2 1 2 0 3 2 17 2 0 1 1 1 0
3 1 121 28 76 1 2 5300 0 2 2 1 0 0 3 3 6 1 0 1 1 1 0
3 8 19 1056 21 1 2 2600 3 2 1 2 2 12 3 2 20 2 2 1 1 2 2
3 1 88 484 12 1 8 1500 1 4 1 1 1 12 3 1 16 1 2 2 2 1 2
3 2 113 295 28 1 2 1800 3 3 1 1 2 12 3 2 6 1 2 1 1 1 0
3 1 121 577 48 1 2 5700 0 2 1 1 2 0 3 2 6 1 0 1 1 1 0
3 1 136 1492 78 1 2 5600 0 2 1 1 2 0 3 3 6 1 0 1 1 1 0
3 8 6 832 66 1 2 11888 0 1 2 1 2 0 3 3 9 2 0 1 1 2 0
3 1 41 381 39 1 2 4800 0 1 1 1 2 0 3 3 6 1 0 1 1 1 0
3 8 6 901 89 1 2 8990 0 2 2 1 2 0 3 1 18 2 0 1 1 1 0
3 8 6 1279 69 1 3 7400 0 2 1 1 2 0 3 2 24 2 0 1 1 1 0
3 16 26 268 69 1 2 8000 1 2 1 1 2 12 3 3 18 2 0 1 1 2 0
3 16 164 580 40 1 8 4500 5 1 1 1 2 12 3 3 7 1 2 1 1 1 2
3 1 41 1040 30 1 2 4400 0 1 1 1 2 0 3 3 6 1 0 1 1 1 0
3 1 121 577 57 1 2 5800 0 2 1 1 2 0 3 3 6 1 0 1 1 1 0
3 2 103 945 46 1 2 3500 0 1 1 1 2 0 3 1 6 1 0 1 1 1 0
3 2 75 204 70 1 2 4000 0 2 1 1 2 0 3 3 6 1 0 1 1 1 0
3 15 112 1448 40 1 2 5500 1 1 1 1 2 36 2 3 7 2 0 1 1 2 2
3 11 102 1296 33 1 2 3000 0 1 0 1 2 0 2 2 6 1 0 1 1 1 0
3 11 39 881 36 1 2 2680 3 1 1 1 2 12 3 2 8 2 0 1 1 2 0
3 11 74 1053 36 1 2 3300 0 1 1 1 1 0 2 2 6 1 0 1 1 1 0
3 8 129 2 47 1 2 4000 0 1 1 1 1 0 2 3 6 1 0 1 1 1 0
3 2 113 1310 15 1 2 1050 3 2 1 1 2 12 3 2 6 1 0 1 1 1 0
3 6 67 1027 44 1 2 1100 0 1 1 1 2 0 2 1 5 1 0 1 1 1 0
3 1 2 804 15 1 2 1600 3 3 1 1 2 12 3 2 16 2 2 1 1 1 0
3 8 31 1325 43 1 2 4200 1 1 1 1 2 24 2 2 6 1 0 1 1 1 0
3 8 31 1315 40 1 2 3200 0 1 1 1 2 0 5 2 6 1 0 1 1 1 0
3 16 26 455 46 1 2 6600 1 1 1 1 2 24 2 1 26 2 0 1 1 2 0
3 8 148 1451 46 1 2 3400 0 1 1 1 2 0 2 2 6 1 0 0 0 1 0
3 16 157 1070 32 1 2 4600 1 1 1 1 2 0 2 2 6 1 0 1 1 1 0
3 8 31 1379 35 1 1 3500 4 1 1 1 2 36 3 2 6 1 0 1 1 1 2
3 8 31 1325 37 1 2 3000 0 1 1 1 2 0 2 2 6 1 0 1 1 1 0
3 16 26 162 14 1 1 2990 1 3 1 1 2 12 3 1 26 2 0 1 1 2 0
3 1 79 1574 28 1 2 2300 0 1 0 1 2 0 2 3 5 1 0 1 1 1 0
3 8 42 297 12 1 2 3190 1 3 1 1 2 12 3 1 29 2 0 1 1 2 0
3 7 162 17 12 1 2 2430 1 2 1 1 2 12 3 3 6 1 0 1 1 2 0
3 16 43 1484 65 1 2 9800 3 1 1 1 2 12 3 2 3 1 0 1 1 2 0
3 16 1 438 55 1 2 9000 0 2 1 1 2 0 5 2 7 1 0 1 1 1 0
3 8 6 480 37 1 6 4850 0 1 1 1 2 0 3 1 7 1 0 1 1 1 0
3 16 164 1131 76 1 3 8200 1 2 1 1 1 24 2 2 25 2 0 1 1 1 0
3 16 1 258 61 1 2 6800 0 2 1 1 1 0 2 2 7 1 0 1 1 1 0
3 8 119 1277 13 1 3 4190 1 4 1 2 2 12 3 1 27 2 0 1 1 2 0
3 8 31 1267 17 1 2 2100 1 4 1 1 2 12 3 1 6 1 2 1 1 2 0
3 12 23 1274 21 1 2 1350 3 1 0 1 2 12 3 1 4 1 0 2 2 1 0
3 15 112 357 35 1 2 4200 1 1 1 1 2 0 2 3 7 1 0 1 1 2 0
3 8 31 1031 51 1 2 3500 0 1 1 1 2 0 2 3 6 1 0 1 1 2 2
3 16 9 1283 78 1 2 7500 1 2 1 1 2 24 2 1 24 2 0 1 1 2 2
3 16 1 1047 56 1 6 7000 1 1 1 1 2 12 2 1 27 2 0 1 1 1 0
3 16 137 509 34 1 2 5000 1 1 1 1 1 12 2 3 7 2 0 1 1 1 0
3 8 127 1050 20 1 3 3500 1 1 0 1 2 24 2 2 3 1 0 1 1 1 0
3 16 1 438 35 1 2 5000 0 1 0 1 2 0 5 3 7 1 0 1 1 1 0
3 8 6 1321 55 1 2 8500 0 1 1 1 2 0 3 1 27 2 0 1 1 2 2
3 2 36 1529 8 1 2 1600 3 4 2 3 2 36 3 2 7 2 0 1 1 1 0
3 14 11 1217 31 1 2 1600 0 1 0 0 1 0 2 -1 1 1 0 0 0 2 2
3 3 77 1144 8 1 2 2560 1 3 1 1 2 12 3 2 16 2 0 1 1 2 0
3 3 77 1202 16 1 2 2930 1 3 1 1 2 12 3 3 6 1 0 1 1 2 0
3 11 142 1424 37 1 2 1200 0 1 0 0 2 0 2 -1 1 1 0 0 0 1 0
3 8 6 588 23 1 2 2900 3 3 1 2 2 12 3 3 33 2 1 1 1 2 1
3 8 6 588 25 1 2 3000 3 4 1 3 2 12 3 2 30 2 2 1 1 2 0
3 8 31 1315 41 1 2 3000 0 1 0 1 1 0 2 2 6 1 0 1 1 1 0
3 16 1 333 89 1 2 9500 1 2 1 1 2 24 2 1 30 2 0 1 1 1 0
3 16 156 926 90 1 2 9000 1 2 2 1 2 12 3 1 24 2 0 1 1 2 0
3 8 6 1235 38 1 2 4500 1 1 0 1 2 24 3 2 6 1 0 1 1 1 0
3 15 76 760 49 1 2 6500 1 1 1 1 2 36 2 2 25 2 0 1 1 2 0
3 1 134 919 9 1 4 1460 1 3 1 1 2 12 3 3 6 0 0 0 0 0 0
3 15 115 174 45 1 1 4600 1 1 1 1 2 12 2 3 2 1 0 1 1 2 1
3 8 83 41 67 1 2 3400 0 2 1 1 2 0 2 1 6 1 0 1 1 1 0
3 8 31 818 32 1 2 4190 1 1 1 1 2 12 3 3 6 1 0 1 1 2 0
3 2 116 21 54 1 2 1900 0 1 1 1 2 0 2 2 18 2 0 1 1 1 0
3 15 112 89 29 1 4 4400 1 1 0 1 2 24 2 2 4 1 0 1 1 2 0
3 16 132 1509 47 1 2 7200 1 2 0 1 1 36 2 3 4 1 0 1 1 1 0
3 11 39 881 36 1 2 3300 3 1 1 1 2 12 3 2 8 2 0 1 1 2 0
3 8 56 1116 33 1 2 2700 0 1 0 1 1 0 2 3 6 1 0 1 1 1 0
3 2 96 184 17 1 1 1800 3 5 0 2 2 12 3 3 6 1 0 1 1 1 0
3 2 103 1489 68 1 2 4800 0 2 1 1 2 0 3 3 6 1 0 1 1 1 0
3 15 76 1242 22 1 2 4800 1 1 1 1 2 24 2 2 4 1 0 1 1 1 0
3 2 126 1209 75 1 2 7200 0 2 2 1 2 0 3 1 6 1 0 1 1 1 0
3 2 75 1389 117 1 2 8600 0 3 2 2 2 0 3 2 17 2 0 1 1 1 0
3 1 145 573 60 1 2 1800 3 2 1 1 2 12 2 3 6 1 0 1 1 1 0
3 6 67 493 74 1 2 1400 0 1 1 1 2 0 2 1 5 1 0 1 1 1 0
3 8 6 696 34 1 2 4300 1 1 1 1 2 36 2 2 6 1 2 1 1 2 2
3 1 88 677 10 1 4 1200 3 5 0 1 2 12 3 3 18 0 0 0 0 0 0
3 3 77 1541 57 1 2 1950 0 3 0 1 2 0 2 3 6 1 0 1 1 2 0
3 8 83 651 40 1 2 3800 0 1 1 1 2 0 2 1 6 1 0 1 1 1 0
3 16 164 1025 99 1 2 8000 1 2 2 1 2 36 2 3 7 1 0 1 1 1 0
3 8 99 1558 47 1 2 4500 1 1 1 1 2 12 2 3 6 1 0 1 1 1 0
3 1 88 809 20 1 2 2050 3 4 0 1 2 12 3 1 18 0 0 0 0 0 0
3 8 83 1146 62 1 2 4500 0 2 1 1 2 0 2 3 29 2 0 1 1 2 0
3 16 157 7 68 1 2 6900 1 2 1 1 2 24 2 1 29 2 0 1 1 2 0
3 8 129 363 25 1 2 2600 3 3 1 1 2 12 3 2 25 2 2 1 1 2 0
3 8 129 1143 48 1 6 4200 0 1 1 1 1 0 2 3 6 1 0 1 1 1 0
3 8 19 1341 27 1 2 2700 3 3 0 3 2 12 3 1 34 2 0 1 1 2 0
3 16 1 93 29 1 2 5000 1 1 0 1 2 12 2 1 6 1 0 1 1 1 0
3 8 6 696 34 1 2 4300 0 1 0 1 2 0 2 2 6 1 0 1 1 2 2
3 16 157 658 32 1 2 5000 1 1 0 1 2 36 2 3 6 1 0 1 1 1 0
3 2 103 1435 39 1 2 4000 0 1 1 1 2 0 3 3 6 1 0 1 1 1 0
3 1 134 40 20 1 2 1890 1 4 1 2 2 12 3 2 13 2 0 1 1 2 0
3 15 76 46 55 1 2 5700 1 2 1 1 2 12 2 3 5 1 0 1 1 1 0
3 10 151 317 8 1 4 1288 3 3 2 2 2 12 3 2 18 2 0 1 1 2 0
3 11 142 144 10 1 2 2180 3 4 2 2 2 12 3 2 33 2 2 1 1 2 2
3 1 145 29 71 1 2 1600 1 1 1 1 2 24 2 2 13 2 0 1 1 1 2
3 8 6 480 14 1 2 3790 1 2 1 1 2 12 3 3 7 1 0 1 1 2 0
3 1 64 1236 55 1 2 1500 0 1 1 1 2 12 2 1 6 1 0 1 1 1 0
3 2 113 1548 80 1 2 1800 3 2 1 1 2 3 5 3 17 2 0 1 1 2 0
3 2 113 519 57 1 2 1800 0 1 1 1 2 0 2 1 17 2 0 1 1 2 0
3 17 69 1092 15 1 2 1100 3 3 1 1 2 12 3 2 15 0 0 0 0 0 0
3 15 112 572 40 1 2 6000 1 1 0 1 2 36 3 3 6 1 0 1 1 2 0
3 7 61 167 23 1 2 2400 0 2 0 1 2 0 2 3 5 1 0 1 1 1 0
3 1 64 1052 57 1 2 1100 0 1 1 1 2 12 2 -2 11 2 0 1 1 2 0
3 12 78 549 98 1 2 1300 0 2 2 1 2 0 2 2 4 1 0 1 1 1 2
3 16 157 1560 15 1 2 3000 1 1 0 1 2 0 2 3 6 1 0 1 1 2 2
3 1 2 1275 18 1 2 1880 3 4 1 1 2 12 3 3 6 1 2 1 1 2 0
3 2 116 343 43 1 6 1600 1 1 1 1 2 0 2 1 5 1 0 1 1 2 0
3 16 43 96 50 1 2 9300 1 1 1 1 2 12 3 3 1 1 0 1 1 2 2
3 15 13 1386 27 1 2 5500 1 1 0 1 2 24 2 2 6 1 0 1 1 1 0
3 15 76 106 25 1 2 6800 0 1 1 1 2 0 2 3 31 2 0 1 1 2 2
3 1 145 745 129 1 2 1000 1 3 2 2 2 24 2 2 6 1 0 1 1 1 0
3 1 64 118 49 1 2 1800 0 2 2 1 2 0 2 1 5 1 0 1 1 2 2
3 16 164 664 32 1 2 5200 0 1 0 1 2 0 2 1 6 1 0 1 1 1 0
3 16 97 255 84 1 1 9300 1 2 2 1 2 12 3 2 30 2 0 1 1 1 0
3 15 112 739 42 1 2 6000 1 1 1 1 2 12 2 3 6 1 0 1 1 2 2
3 8 56 1517 53 1 2 4500 0 2 1 1 2 0 2 2 6 1 0 1 1 2 0
3 8 19 1341 23 1 2 2400 3 3 1 3 2 12 3 3 35 2 0 1 1 2 0
3 8 19 1341 24 1 2 2600 3 3 1 3 2 12 3 1 35 2 0 1 1 2 0
3 1 135 1190 6 1 4 2290 1 3 1 1 2 12 3 3 6 1 0 1 1 2 0
3 1 64 928 57 1 2 1800 0 2 1 1 2 0 5 3 5 1 0 1 1 2 0
3 17 63 1174 15 1 4 1499 3 3 0 3 2 24 3 2 5 2 0 1 1 2 0
3 10 65 1350 81 1 2 1400 0 2 1 1 2 0 2 3 8 1 0 0 0 0 0
3 1 79 1348 25 1 2 2100 5 1 0 1 2 12 3 1 6 1 2 1 1 1 0
3 11 39 1232 44 1 2 3300 0 1 1 1 2 0 2 3 6 1 0 1 1 1 0
3 1 88 855 20 1 2 1700 3 4 1 1 2 12 3 1 14 2 2 2 2 1 0
3 1 125 1503 20 1 2 1800 0 1 1 1 2 0 2 3 4 1 0 1 1 1 0
3 8 119 23 28 1 2 3800 1 1 0 1 2 12 2 3 5 1 0 1 1 1 0
3 1 88 855 12 1 2 1300 3 3 1 1 2 12 3 3 14 2 2 2 2 1 0
3 1 64 949 59 1 2 1800 0 1 1 1 2 0 2 1 6 1 0 1 1 2 1
3 8 19 1341 22 1 2 2700 3 2 1 1 2 12 3 2 35 2 0 1 1 2 0
3 8 19 1341 25 1 2 2800 3 4 1 4 2 12 3 3 30 2 0 1 1 2 0
3 1 2 636 17 1 2 1400 1 3 0 2 2 24 3 2 6 1 2 1 1 1 0
3 16 1 1300 31 1 2 3600 1 1 0 1 2 24 2 3 7 1 0 1 1 1 0
3 1 2 636 23 1 2 1800 1 3 0 2 2 24 3 2 6 1 2 1 1 1 0
3 1 64 928 79 1 2 1100 0 1 1 1 2 0 2 3 14 2 0 1 1 1 0
3 1 52 1268 65 1 2 2000 1 2 1 1 2 12 2 2 5 1 0 1 1 1 0
3 1 2 636 18 1 2 1450 1 3 0 2 2 24 3 2 6 1 2 1 1 1 0
3 1 2 636 18 1 2 1600 3 3 1 1 2 12 3 1 16 2 2 1 1 1 0
3 1 2 636 16 1 2 1950 1 4 1 4 2 24 3 2 6 1 2 1 1 1 2
3 6 84 634 54 1 0 1000 0 1 1 1 0 0 0 3 21 1 0 1 1 1 0
3 16 43 824 44 1 6 7600 1 2 0 1 2 12 2 2 5 1 0 1 1 1 0
3 1 138 1369 12 1 4 1300 3 3 1 1 2 12 3 1 17 2 2 2 2 1 2
3 1 2 636 18 1 2 1700 3 1 0 0 2 12 3 2 18 2 0 1 1 1 0
3 15 112 1448 59 1 2 6800 1 2 0 1 2 12 2 2 24 2 0 1 1 2 2
3 16 104 555 107 1 2 9500 1 2 2 2 2 24 2 2 22 2 0 1 1 2 2
3 1 72 337 15 1 4 1350 3 4 1 2 2 12 3 1 6 2 2 1 1 1 0
3 17 98 599 12 1 4 1200 3 5 2 2 2 12 3 3 6 0 0 0 0 0 0
3 8 5 186 69 1 2 4300 1 2 1 1 2 12 2 3 6 1 0 0 0 2 0
3 1 59 883 87 1 2 1900 0 2 2 1 2 0 2 2 13 2 0 1 1 2 2
3 1 2 1030 22 1 2 2250 3 3 1 1 2 12 3 2 11 2 2 1 1 2 0
3 11 33 1504 31 1 2 3000 0 1 0 1 2 0 2 3 5 1 0 1 1 1 0
3 15 115 769 52 1 2 6000 1 2 1 1 2 12 2 3 6 1 0 1 1 2 2
3 2 53 1528 31 1 2 1590 3 1 1 1 2 12 3 1 8 2 2 2 2 1 2
3 16 164 1131 55 1 1 6000 1 1 1 1 1 12 2 2 25 2 0 1 1 1 0
3 16 43 437 46 1 2 8500 1 1 1 1 1 12 2 2 5 1 0 1 1 1 0
3 2 36 1408 10 1 7 1600 3 3 1 1 2 12 3 3 6 1 2 1 1 1 2
3 16 157 1460 41 1 6 4700 1 1 1 1 2 12 2 3 6 1 0 1 1 2 2
3 16 26 268 65 1 2 9500 1 2 1 1 1 12 2 2 22 2 0 1 1 2 0
3 16 43 1569 40 1 2 7500 1 1 0 1 2 24 2 3 6 1 0 1 1 1 0
3 1 110 876 48 1 2 1200 0 1 1 1 2 0 2 -2 4 1 0 1 1 1 0
3 11 39 881 30 1 2 2700 3 1 1 1 2 12 3 2 11 2 0 1 1 2 0
3 15 76 4 40 1 3 6200 1 1 1 1 2 12 2 2 29 2 0 1 1 1 1
3 16 1 258 44 1 2 4500 0 2 0 1 2 0 2 3 7 1 0 1 1 1 0
3 8 19 1341 25 1 2 2800 3 3 1 3 2 12 3 3 35 2 0 1 1 2 0
3 16 26 455 37 1 2 5600 1 1 1 1 2 12 2 3 7 2 0 1 1 2 2
3 12 78 1180 92 1 2 1500 0 2 1 1 2 0 2 2 5 1 0 1 1 1 0
3 15 112 1204 34 1 4 4000 1 1 0 1 2 24 2 3 6 1 0 1 1 2 2
3 15 13 320 32 1 7 4500 1 1 1 1 2 24 2 3 2 1 0 0 0 0 0
3 8 19 1341 26 1 4 2500 3 4 0 4 2 12 3 3 35 2 2 1 1 2 1
3 8 6 160 41 1 2 4200 1 1 1 1 1 24 2 3 6 1 0 1 1 2 0
3 8 19 1341 17 1 2 2350 3 3 1 2 2 12 3 3 25 2 1 1 1 2 1
3 11 33 463 53 1 2 2800 0 1 0 1 2 0 5 3 5 1 0 1 1 1 0
3 6 84 1570 51 1 2 1300 0 1 1 1 2 0 2 1 10 1 0 1 1 1 0
3 8 129 1118 41 1 2 4000 1 1 1 1 2 36 3 3 6 1 2 1 1 2 2
3 1 52 1127 53 1 2 2000 0 1 1 1 2 24 5 3 4 1 0 1 1 1 0
3 15 76 760 52 1 2 6000 0 1 1 1 2 0 2 2 25 2 0 1 1 2 0
3 8 31 1303 44 1 2 3400 0 1 1 1 2 0 5 2 6 1 0 1 1 1 0
3 12 34 851 64 1 2 1600 0 2 1 1 2 0 2 3 6 1 0 1 1 1 0
3 8 6 1219 30 1 2 3000 3 3 1 2 2 12 3 2 30 2 2 1 1 2 2
3 11 160 672 13 1 2 2990 1 3 1 1 2 12 3 2 26 2 0 1 1 2 0
3 6 67 1200 68 1 2 1200 0 1 2 1 2 0 2 2 24 1 0 0 0 0 0
3 16 132 55 84 1 2 8500 1 2 1 1 2 36 2 1 20 2 0 1 1 1 0
3 16 26 268 64 1 6 9500 1 2 1 1 2 12 2 1 32 2 0 1 1 2 0
3 1 64 1533 104 1 2 2000 0 2 2 1 2 0 2 2 6 1 0 1 1 2 2
3 1 64 858 56 1 2 1900 1 1 1 1 2 12 2 3 17 1 0 2 2 1 0
3 11 58 1179 10 1 2 1750 3 3 1 1 2 12 3 3 34 2 0 1 1 1 0
3 15 112 572 26 1 4 5200 1 1 1 1 2 12 2 1 15 2 0 1 1 2 0
3 16 26 1124 42 1 4 6300 0 1 1 1 2 0 2 3 15 2 0 1 1 2 0
3 1 2 1030 22 1 2 2000 3 3 1 3 2 12 3 2 6 1 2 1 1 2 0
3 1 2 1030 18 1 2 1950 3 3 1 1 2 12 3 2 11 2 2 1 1 2 0
3 1 81 595 14 1 2 2300 1 3 1 2 2 12 3 1 6 1 2 1 1 1 0
3 8 129 976 39 1 2 4500 0 1 1 1 2 0 2 3 6 1 0 1 1 2 2
3 16 26 268 69 1 2 9000 1 2 1 1 2 24 2 3 18 2 0 1 1 2 0
3 16 132 282 42 1 2 5300 1 1 1 1 2 24 2 3 6 1 0 1 1 1 0
3 16 1 590 60 1 2 6500 1 2 1 1 1 12 2 3 7 1 0 1 1 2 2
3 15 112 572 38 1 2 5100 1 1 0 1 2 36 2 3 6 1 0 1 1 2 0
3 16 87 280 54 1 2 7200 1 1 1 1 2 12 2 3 23 2 0 1 1 1 0
3 8 144 788 17 1 2 2400 3 3 1 2 2 12 3 3 4 1 1 1 1 1 1
3 15 112 1204 48 1 2 5800 1 2 1 1 2 12 2 1 6 1 0 1 1 2 2
3 8 129 853 38 1 2 4490 1 1 1 1 2 12 3 3 6 1 0 1 1 2 0
3 1 52 1049 53 1 2 1300 0 1 1 1 2 0 2 2 4 1 0 1 1 1 0
3 8 144 461 40 1 2 4500 0 1 1 1 2 0 5 2 6 1 0 1 1 2 2
3 15 112 645 21 1 3 3600 1 1 1 1 2 24 2 2 7 1 0 1 1 2 2
3 1 64 178 55 1 2 1100 0 1 1 1 2 0 2 3 5 1 0 1 1 1 0
3 1 72 215 52 1 2 2200 0 2 1 1 2 0 2 1 5 1 0 1 1 1 0
3 8 129 916 8 1 4 2290 1 3 1 1 2 12 3 3 6 1 2 1 1 2 0
3 8 42 687 15 1 2 1800 0 1 0 0 2 0 2 1 29 1 0 1 1 2 2
3 1 121 117 25 1 2 2150 0 1 1 1 2 0 2 3 3 1 0 0 0 0 0
3 8 144 327 16 1 2 3590 1 4 1 2 2 12 3 3 14 2 0 1 1 2 0
3 8 19 1056 35 1 2 3600 3 1 0 1 2 12 3 1 17 2 2 1 1 1 2
3 13 86 288 35 1 2 3500 0 1 1 1 2 0 2 3 7 1 0 1 1 1 0
3 8 5 1447 40 1 2 3500 0 1 1 1 2 0 2 2 6 1 0 1 1 2 2
3 14 14 138 9 1 4 2290 1 3 1 1 2 12 3 3 6 1 0 1 1 2 0
3 6 67 60 80 1 2 1450 0 2 1 1 2 0 2 3 6 1 0 1 1 1 0
3 8 56 1517 53 1 2 4500 0 2 0 1 2 0 2 3 6 1 0 1 1 2 0
3 14 14 138 10 1 4 2330 1 4 1 2 2 12 3 1 26 1 0 1 1 2 0
3 16 1 333 12 1 2 2890 1 3 1 1 2 12 3 2 30 2 0 1 1 2 0
3 11 160 1020 27 1 2 3300 1 1 0 1 1 12 2 3 6 1 0 1 1 2 0
3 1 64 118 55 1 2 1500 0 2 1 1 2 0 2 3 5 1 0 1 1 2 2
3 8 148 232 40 1 2 3200 1 1 1 1 2 12 3 2 6 1 0 1 1 1 0
3 7 158 1582 20 1 2 2900 3 1 1 1 2 12 3 2 5 2 0 1 1 2 2
3 8 6 749 40 1 6 4500 1 1 1 1 1 12 2 3 6 1 0 1 1 2 0
3 8 6 480 28 1 7 3700 3 1 1 1 2 12 3 3 7 1 2 1 1 1 0
3 16 164 102 63 1 2 8500 1 1 1 1 2 24 2 1 33 2 0 1 1 2 0
3 1 82 516 20 1 2 2300 5 4 1 4 2 12 3 3 6 1 0 1 1 2 0
3 15 13 372 40 1 2 6100 1 1 1 1 2 12 2 2 4 1 0 1 1 1 0
3 13 57 867 40 1 2 3500 0 1 0 1 2 0 2 1 6 1 0 1 1 1 0
3 1 64 492 58 1 2 1000 0 1 1 1 2 0 2 1 18 2 0 1 1 2 1
3 10 65 988 81 1 2 1600 0 2 2 1 2 0 2 1 7 1 0 1 1 1 0
3 15 115 1206 38 1 2 4800 3 1 1 1 2 12 3 2 36 2 2 1 1 2 2
3 16 156 1034 52 1 2 6000 0 2 1 1 1 0 2 3 6 1 0 1 1 1 0
3 8 31 818 47 1 2 3200 0 1 1 1 2 0 2 3 6 1 0 1 1 1 0
3 1 64 242 91 1 2 1700 0 2 2 1 2 0 2 1 18 2 0 1 1 1 0
3 13 57 486 13 1 2 3190 1 3 1 1 2 12 3 1 6 2 0 1 1 2 0
3 1 64 899 90 1 2 2200 0 3 1 1 2 0 2 3 6 1 0 1 1 1 0
3 13 86 385 20 1 2 3000 1 1 0 1 2 24 2 3 5 1 0 1 1 1 0
3 8 144 327 16 1 2 3490 1 4 1 2 2 12 3 1 17 1 0 1 1 2 0
3 7 61 932 15 1 2 1700 3 4 1 2 2 12 3 1 6 1 0 1 1 1 2
3 1 64 625 65 1 2 2000 0 2 1 1 2 0 4 1 6 1 0 1 1 2 2
3 2 89 866 17 1 4 1800 3 5 1 2 2 12 3 3 6 1 2 1 1 1 0
3 1 64 625 83 1 2 1200 0 2 1 1 2 0 2 3 6 1 0 1 1 2 2
3 1 79 938 16 1 2 1500 1 3 1 1 2 12 3 3 6 0 0 0 0 0 0
3 16 87 141 39 1 2 6000 0 1 1 1 1 0 2 2 6 1 0 1 1 2 0
3 8 129 188 12 1 1 2460 1 4 1 2 2 12 3 1 28 2 0 1 1 2 0
3 16 157 1560 61 1 2 7800 1 2 1 1 2 12 2 3 6 1 0 1 1 2 2
3 8 99 24 38 1 2 3490 1 1 0 1 2 24 2 2 4 1 0 1 1 2 2
3 1 88 677 16 1 2 1700 3 5 1 1 2 12 3 1 18 2 0 1 1 1 0
3 15 112 756 44 1 2 5200 0 1 1 1 2 0 2 3 6 1 0 1 1 2 2
3 1 79 407 12 1 2 1830 1 3 1 1 2 12 3 3 13 2 2 1 1 2 0
3 11 58 1179 25 1 7 3000 3 4 1 2 2 12 3 2 34 2 2 1 1 1 0
3 1 121 601 20 1 2 2000 3 2 1 1 2 12 3 2 6 1 0 1 1 1 0
3 8 56 1286 34 1 2 3000 0 1 1 1 2 0 2 3 6 1 0 1 1 1 0
3 7 61 1215 15 1 2 2630 1 3 1 1 2 12 3 1 13 0 0 0 0 0 0
3 8 99 1597 57 1 2 4200 1 2 1 1 2 24 2 1 6 1 0 1 1 2 2
3 15 76 4 51 1 1 6800 1 1 2 1 2 24 2 2 29 2 0 1 1 1 1
3 8 129 363 28 1 8 2800 3 4 1 3 2 12 3 3 24 2 0 1 1 2 0
3 14 14 723 18 1 3 2800 0 1 0 1 2 0 2 2 4 1 0 1 1 2 0
3 15 13 811 40 1 2 4800 1 1 1 1 2 24 2 3 6 1 0 0 0 1 0
3 17 63 446 18 1 6 1500 3 1 1 1 2 36 3 3 6 1 1 1 1 1 1
3 3 106 602 34 1 2 2800 0 1 0 1 2 0 2 3 5 1 0 1 1 2 0
3 1 82 1198 20 1 1 2000 3 3 1 3 2 12 3 3 6 1 2 1 1 2 0
3 16 26 1124 40 1 2 6800 1 1 1 1 2 12 2 3 15 2 0 1 1 2 0
3 16 1 438 50 1 2 7000 1 2 1 1 1 0 2 3 7 1 0 1 1 1 0
3 2 113 236 18 1 2 1010 3 2 1 1 2 24 3 2 13 1 2 1 1 1 2
3 13 57 5 20 1 2 2800 3 1 1 1 2 12 3 2 11 1 0 0 0 0 0
3 2 89 1061 16 1 2 1300 3 5 1 2 2 12 3 1 11 2 0 1 1 1 0
3 8 144 68 33 1 2 3900 1 1 1 1 2 12 2 2 6 1 0 1 1 2 0
3 12 34 846 128 1 2 1800 0 1 1 1 2 0 2 1 8 1 0 1 1 1 0
3 8 127 250 25 1 2 4000 1 1 0 1 2 24 2 2 6 1 0 1 1 1 0
3 8 6 480 17 1 7 3800 0 1 1 1 2 0 2 1 6 1 0 1 1 1 0
3 8 148 759 39 1 2 3000 0 1 0 1 2 0 2 3 6 1 0 1 1 2 0
3 16 43 398 57 1 1 7900 1 1 1 1 2 12 2 3 16 2 0 1 1 1 0
3 1 64 1052 56 1 2 1000 0 1 1 1 2 0 4 1 11 2 0 1 1 2 0
3 10 70 1578 25 1 2 1500 3 1 1 1 2 0 3 3 1 1 2 1 1 1 2
3 8 42 1153 15 1 1 1850 1 4 1 2 2 12 3 2 18 2 0 1 1 2 0
3 1 64 858 40 1 2 2000 0 1 1 1 2 0 2 1 17 1 0 2 2 1 0
3 11 58 1179 30 1 1 1300 0 1 0 0 1 0 2 -1 9 1 0 2 2 1 0
3 16 157 1437 35 1 2 5200 1 1 0 1 2 0 2 3 4 1 0 1 1 1 0
3 1 15 507 60 1 2 1800 0 1 1 1 2 0 5 2 18 2 0 1 1 1 2
3 14 163 15 30 1 2 2550 3 1 1 1 2 12 3 3 2 1 2 1 1 1 2
3 8 6 737 25 1 4 3800 1 1 0 1 2 24 2 3 7 1 0 1 1 2 0
3 16 26 268 62 1 2 9200 1 2 1 1 2 24 2 3 34 2 0 1 1 2 0
3 15 76 1601 19 1 1 3800 1 1 0 1 2 12 2 1 4 1 0 0 0 0 0
3 1 88 855 12 1 4 1300 1 3 1 1 2 12 3 2 16 1 2 2 2 1 2
3 1 64 77 41 1 2 1500 0 2 1 1 2 0 2 2 5 1 0 1 1 1 0
3 8 6 480 30 1 2 3600 3 1 1 1 2 12 3 3 6 1 0 1 1 1 2
3 10 151 660 25 1 4 1300 0 1 0 1 2 0 5 1 3 1 0 1 1 1 0
3 1 52 526 79 1 2 1550 0 3 2 2 2 0 2 2 5 1 0 1 1 1 0
3 1 73 1476 13 1 2 2000 1 1 0 0 2 0 2 1 6 1 0 1 1 2 0
3 8 6 588 30 1 2 2800 1 3 1 2 2 12 3 3 35 2 0 1 1 2 0
3 13 117 1095 39 1 2 3500 0 1 1 1 2 0 2 2 6 1 0 1 1 1 0
3 11 102 474 34 1 2 2800 0 1 0 1 2 0 2 3 6 1 0 1 1 1 0
3 1 88 484 17 1 2 1600 3 3 1 1 2 12 3 3 18 2 0 1 1 1 0
3 15 115 768 34 1 2 4500 1 1 0 1 2 36 2 2 7 1 0 1 1 2 0
3 8 83 779 67 1 2 3100 0 1 1 1 2 0 2 2 18 2 0 1 1 1 0
3 8 83 74 61 1 2 3500 0 2 1 1 2 0 2 1 6 1 0 1 1 1 0
3 8 6 1219 23 1 2 2900 3 3 1 2 2 12 3 3 29 2 1 1 1 2 1
3 8 42 1323 40 1 2 4000 1 1 1 1 2 24 2 2 6 1 0 1 1 2 1
3 8 42 1323 49 1 2 4400 3 1 1 1 2 12 3 2 6 1 1 1 1 2 2
3 2 113 1310 15 1 2 1100 3 2 1 2 2 12 3 2 15 2 0 1 1 1 0
3 16 43 1571 39 1 2 6250 1 1 1 1 2 12 2 3 7 1 0 1 1 1 0
3 16 1 328 54 1 2 4500 1 3 1 1 2 3 2 2 6 1 0 1 1 1 0
3 10 68 1605 31 1 4 1500 0 1 1 1 2 0 2 2 6 1 0 0 0 1 0
3 1 59 883 69 1 2 2000 0 1 2 1 2 0 2 1 12 2 0 1 1 2 2
3 14 153 1063 30 1 2 2900 0 1 1 1 2 0 2 1 5 1 0 1 1 2 0
3 11 33 169 29 1 2 3200 0 1 0 1 2 0 2 3 7 1 0 1 1 2 0
3 8 144 248 11 1 2 2890 1 2 1 1 2 12 3 3 6 1 0 1 1 2 0
3 17 69 53 11 1 3 1050 3 4 1 3 2 12 3 1 18 1 2 1 1 1 2
3 1 72 337 40 1 1 1300 0 1 1 1 2 0 2 1 6 1 0 1 1 1 0
3 1 145 1093 82 1 2 1100 1 2 1 1 2 12 2 3 5 1 0 1 1 1 0
3 16 26 917 50 1 2 5500 1 2 1 1 1 24 2 3 6 1 0 1 1 1 0
3 15 112 1413 52 1 2 6500 1 2 1 1 2 36 2 3 7 1 0 1 1 2 0
3 16 132 154 22 1 2 4500 0 1 0 1 2 24 2 1 7 2 0 1 1 1 0
3 8 144 68 43 1 8 3500 1 1 1 1 2 12 2 3 6 1 0 1 1 2 0
3 8 6 676 38 1 2 4500 1 1 1 1 2 36 5 2 6 1 0 1 1 1 0
3 15 115 174 62 1 2 7000 1 2 1 1 2 12 2 3 7 1 0 1 1 2 1
3 7 124 1454 12 1 2 2690 1 3 1 1 2 12 3 2 6 1 0 1 1 2 0
3 7 100 839 15 1 1 2580 3 1 0 1 2 12 3 2 5 1 1 1 1 1 0
3 16 9 1330 56 1 2 7500 1 2 1 1 2 24 2 3 7 1 0 1 1 2 2
3 16 26 455 46 1 2 5900 1 2 0 1 2 24 2 2 7 1 0 1 1 2 2
3 17 131 1549 38 1 2 1500 0 1 1 1 2 0 2 2 5 1 0 1 1 2 0
3 8 19 1341 25 1 2 3000 3 3 1 2 2 12 3 3 35 2 2 1 1 2 0
3 1 59 883 88 1 2 1000 0 2 2 2 2 0 2 3 11 2 0 1 1 2 2
3 15 112 1483 48 1 2 6800 5 1 1 1 2 36 3 3 22 2 2 1 1 2 2
3 11 30 330 29 1 2 3000 3 4 1 1 2 12 3 3 6 1 2 1 1 1 0
3 16 132 154 42 1 2 6400 1 2 1 1 2 12 2 3 7 2 0 1 1 1 0
3 16 97 1526 40 1 2 6800 0 1 1 1 2 0 2 1 6 1 0 1 1 1 0
3 1 110 306 74 1 2 1800 0 1 2 1 2 0 2 3 5 1 0 1 1 1 0
3 2 53 786 31 1 2 1800 3 1 1 1 2 12 3 2 18 2 2 2 2 1 2
3 2 53 860 31 1 2 1600 3 1 1 1 2 12 3 2 12 2 2 2 2 1 2
3 2 53 786 29 1 2 1500 3 1 1 1 2 12 3 2 12 2 2 2 2 1 2
3 16 26 71 83 1 6 8500 1 2 2 1 2 12 2 3 25 2 0 1 1 1 0
3 1 64 928 81 1 2 1800 0 2 1 1 2 0 2 3 5 1 0 1 1 1 0
3 15 112 355 25 1 2 3500 1 1 0 1 2 12 2 1 24 2 0 1 1 2 0
3 8 42 349 44 1 2 3800 1 1 1 1 2 0 2 2 6 1 0 1 1 1 2
3 8 56 149 41 1 2 4400 0 1 1 1 2 0 2 3 6 1 0 1 1 1 0
3 6 67 1200 60 1 2 1500 3 1 2 1 2 12 3 3 26 1 2 1 1 2 0
3 15 115 165 57 1 2 7000 1 2 1 1 2 12 2 3 7 1 0 1 1 2 2
3 16 43 614 44 1 2 7500 1 2 1 1 2 24 2 3 5 1 0 1 1 1 0
3 8 99 109 39 1 2 4500 1 1 1 1 2 12 5 3 5 1 0 1 1 1 2
3 1 12 65 12 1 2 1660 1 3 1 1 2 12 3 3 8 2 0 1 1 2 0
3 8 31 617 43 1 2 3300 0 1 1 1 2 0 2 1 6 1 0 1 1 1 0
3 1 135 374 27 1 2 2150 3 1 1 1 2 12 3 3 10 2 2 2 2 1 0
3 15 13 380 42 1 2 6000 1 1 1 1 2 36 2 3 6 1 0 1 1 1 0
3 10 70 833 12 1 2 1010 3 4 0 1 2 12 3 3 18 2 0 1 1 2 0
3 16 157 1298 74 1 2 9500 0 2 1 1 1 0 4 3 7 1 0 1 1 1 0
3 15 112 451 58 1 2 6500 0 1 2 1 2 0 2 1 7 1 0 1 1 2 2
3 8 6 696 38 1 2 4300 1 1 0 1 2 12 3 2 4 1 2 1 1 2 2
3 8 5 1447 36 1 2 4200 1 1 1 1 2 36 2 3 6 1 0 1 1 2 2
3 1 16 221 85 1 2 2200 0 2 1 1 2 0 2 1 6 1 0 1 1 1 0
3 15 112 810 51 1 2 6800 1 1 1 1 2 12 2 2 31 2 0 1 1 2 2
3 16 104 789 43 1 2 6300 1 2 0 1 2 36 2 3 6 1 0 1 1 1 0
3 1 64 625 83 1 2 1800 0 2 1 1 2 0 2 2 6 1 0 1 1 2 2
3 8 42 1392 12 1 2 3360 1 4 1 2 2 12 3 1 24 2 0 1 1 2 0
3 7 158 1113 12 1 2 2700 3 4 1 1 2 24 2 2 23 0 0 0 0 0 0
3 12 155 548 18 1 2 1700 1 3 1 1 2 12 3 2 18 1 2 1 1 1 2
3 2 89 968 16 1 2 1900 3 3 1 1 2 12 3 3 3 1 2 1 1 1 2
3 1 2 953 20 1 2 1700 3 3 0 1 2 12 3 2 6 1 0 1 1 2 0
3 8 31 1183 61 1 2 6000 1 2 1 1 2 36 2 3 6 1 0 1 1 1 0
3 10 151 1142 15 1 4 1600 3 4 1 1 2 12 3 3 15 2 2 0 0 2 0
3 8 6 1235 33 1 2 5000 1 1 1 1 2 24 2 3 5 1 0 1 1 1 0
3 12 23 1452 10 1 2 1700 3 3 1 1 2 12 3 2 18 2 2 1 1 2 2
3 15 76 543 13 1 2 3800 3 4 2 2 2 12 3 3 23 1 0 2 2 1 0
3 3 139 1441 36 1 2 3500 0 1 0 1 1 0 2 3 6 1 0 1 1 1 0
3 10 151 135 12 1 4 1400 1 3 1 1 2 12 3 3 6 2 2 1 1 2 0
3 12 23 416 89 1 2 3300 0 2 1 1 2 0 2 3 6 1 0 1 1 1 0
3 8 6 202 48 1 2 6000 1 2 0 1 1 12 2 2 7 1 0 1 1 2 0
3 11 102 26 44 1 2 3800 0 1 1 1 1 0 4 2 6 1 0 1 1 1 0
3 2 113 1434 25 1 2 1720 3 1 1 1 2 24 3 2 5 1 0 1 1 1 0
3 10 159 727 45 1 2 2200 0 1 1 1 2 0 2 3 14 2 0 1 1 2 0
3 6 146 440 39 1 2 1900 0 1 1 1 2 0 2 1 6 1 0 1 1 1 0
3 2 116 1044 14 1 4 1100 3 4 1 1 2 12 3 1 6 0 0 0 0 0 0
3 8 56 1497 73 1 2 5500 0 2 1 1 2 0 2 3 6 1 0 1 1 1 0
3 13 86 820 12 1 2 3000 3 4 1 2 2 12 3 2 16 0 0 0 0 0 0
3 3 139 1182 40 1 2 3300 0 1 0 1 2 0 2 2 6 1 0 1 1 1 0
3 1 2 1470 20 1 2 1900 1 4 0 2 2 12 3 2 14 0 0 0 0 0 0
3 12 23 669 10 1 4 1560 1 5 1 2 2 12 3 3 6 1 0 1 1 2 0
3 11 102 1296 58 1 2 4000 0 2 1 1 2 0 2 3 6 1 0 1 1 1 0
3 1 2 1363 15 1 2 1500 3 3 1 1 2 24 3 2 18 2 0 1 1 2 0
3 6 84 1169 62 1 2 1600 0 1 1 1 2 0 2 2 8 2 0 1 1 2 0
3 12 34 1318 81 1 2 2000 0 2 1 1 2 0 2 3 6 1 0 1 1 1 0
3 9 130 1067 39 1 2 2000 0 1 2 1 2 0 2 1 6 1 0 1 1 1 0
3 13 57 410 25 1 2 3700 1 3 1 3 2 24 3 3 6 1 2 1 1 1 2
3 15 76 405 64 1 2 9300 1 1 1 1 2 24 2 1 32 2 0 1 1 2 2
3 8 6 1321 55 1 2 6800 1 1 1 1 1 24 2 1 26 2 0 1 1 2 0
3 11 30 1104 15 1 4 2580 5 4 1 2 2 12 2 3 18 0 2 0 0 0 2
3 16 164 713 68 1 2 9000 1 1 1 1 2 36 2 1 31 2 0 1 1 2 0
3 8 19 1341 20 1 2 3050 1 3 1 3 2 12 3 1 35 2 2 1 1 2 0
3 8 128 518 104 1 2 6500 0 3 1 1 2 0 2 2 24 2 0 1 1 1 2
3 11 71 159 45 1 2 4300 0 2 1 1 2 0 2 3 6 1 0 1 1 1 0
3 1 2 1456 28 1 2 2270 3 3 1 1 2 12 3 2 5 1 0 1 1 1 0
3 1 136 1194 46 1 2 3500 0 1 1 1 2 0 2 3 6 1 0 1 1 1 0
3 1 72 170 83 1 2 2700 0 2 2 1 2 0 2 2 11 2 0 1 1 1 0
3 14 14 561 33 1 2 4000 0 1 0 1 2 0 2 3 6 1 0 1 1 1 0
3 15 76 596 58 1 2 8000 1 2 1 1 2 12 2 1 16 2 0 1 1 2 2
3 10 70 1058 16 1 4 1500 3 4 1 1 2 12 3 3 6 0 0 0 0 0 0
3 1 64 338 52 1 6 2300 0 2 1 2 2 0 2 2 4 1 0 1 1 1 0
3 8 31 1032 77 1 2 4800 1 2 1 1 2 0 2 2 18 2 0 1 1 2 0
3 10 70 1058 16 1 2 1600 3 4 1 1 2 12 3 3 6 0 0 0 0 0 0
3 15 13 1002 42 1 2 7200 1 2 0 1 2 12 2 3 6 1 0 1 1 1 0
3 2 53 1234 12 1 4 1400 3 3 1 1 2 12 3 3 6 0 0 0 0 0 0
3 17 69 163 53 1 2 1800 0 1 1 1 2 0 2 1 18 1 0 1 1 1 0
3 1 2 847 20 1 2 2100 3 2 1 1 2 12 3 3 4 1 2 1 1 1 0
3 13 57 434 25 1 2 3100 3 3 1 1 2 12 3 3 6 1 0 1 1 1 0
3 13 57 1366 22 1 2 3680 3 1 0 1 2 12 3 2 6 1 0 1 1 1 0
3 11 24 1013 34 1 2 3650 0 1 1 1 1 0 2 3 6 1 0 1 1 2 0
3 14 153 1063 35 1 2 4100 1 1 0 1 2 0 2 3 5 1 0 1 1 2 0
3 17 69 1092 10 1 2 1430 1 3 1 1 2 12 3 3 18 2 2 1 1 2 0
3 6 107 1154 84 1 2 1600 0 3 1 1 2 0 2 1 18 1 0 1 1 1 0
3 1 88 649 55 1 2 3600 0 1 1 1 2 0 5 1 6 1 0 1 1 1 0
3 11 30 877 42 1 2 4500 0 2 0 1 2 0 2 3 6 1 0 1 1 2 0
3 11 58 1179 15 1 2 2100 3 4 2 2 2 12 3 1 34 2 0 1 1 1 0
3 8 42 383 57 1 2 6200 1 2 1 1 2 12 2 1 6 1 0 1 1 1 0
3 10 68 1260 40 1 2 2000 0 1 1 1 2 0 2 2 5 1 0 1 1 1 0
3 6 146 1001 69 1 2 1800 0 2 1 1 2 0 2 3 6 1 0 1 1 2 0
3 7 100 1038 29 1 2 4500 1 1 0 1 2 36 2 2 6 1 0 1 1 2 0
3 2 89 1149 12 1 1 1050 3 5 0 2 2 12 3 2 22 2 2 1 1 2 2
3 11 66 989 71 1 2 4500 0 2 1 1 2 0 2 3 6 1 0 1 1 1 0
3 12 155 1580 10 1 4 1450 3 3 1 2 2 24 3 3 12 0 0 0 0 0 0
3 1 64 338 51 1 6 2300 0 2 1 2 2 0 2 1 18 1 0 1 1 1 0
3 2 113 59 80 1 2 2500 1 2 2 1 2 36 2 3 18 2 0 1 1 1 0
3 11 33 1105 38 1 2 4500 0 1 1 1 2 0 2 3 6 1 0 1 1 1 0
3 1 64 625 61 1 2 2100 0 2 1 1 2 0 2 3 6 1 0 1 1 2 2
3 12 155 1580 10 1 4 1450 3 3 1 1 2 24 3 3 12 0 0 0 0 0 0
3 7 162 17 55 1 2 4400 0 2 0 1 1 0 2 2 6 1 0 1 1 2 0
3 11 30 1394 33 1 6 3500 0 1 1 1 2 0 2 1 6 1 0 1 1 1 0
3 8 144 884 52 1 2 6000 0 1 1 1 1 0 2 1 17 2 0 1 1 2 0
3 11 24 18 18 1 6 2100 3 4 1 2 2 12 3 3 26 2 0 1 1 2 0
3 1 88 809 18 1 2 1950 3 4 0 2 2 12 3 3 18 2 2 2 2 1 0
3 8 19 1341 28 1 2 2650 3 3 1 2 2 12 3 3 34 2 0 1 1 2 0
3 1 2 804 15 1 2 1600 3 2 1 1 2 12 3 2 26 2 0 1 1 1 0
3 8 119 213 28 1 2 4500 0 1 1 1 2 0 2 1 3 1 0 1 1 1 0
3 2 113 511 23 1 2 1900 3 2 1 1 2 12 3 3 6 1 2 1 1 1 0
3 16 43 531 42 1 2 7800 0 2 1 1 1 0 2 2 6 1 0 1 1 1 0
3 7 124 1090 32 1 2 4500 0 1 0 1 1 0 2 2 6 1 0 1 1 2 0
3 11 58 1179 20 1 2 3300 3 3 1 1 2 12 3 2 33 2 0 1 1 1 0
3 2 113 1421 20 1 2 1200 3 3 1 2 2 12 3 2 11 2 0 1 1 1 0
3 16 97 277 55 1 2 7800 3 1 1 1 2 12 3 3 6 1 0 1 1 2 0
3 7 100 622 32 1 2 4400 1 1 0 1 2 36 2 2 5 1 0 1 1 1 0
3 1 25 8 84 1 2 3500 0 2 1 1 2 0 2 3 18 2 0 1 1 1 0
3 8 6 1226 45 1 2 6500 1 1 1 1 1 12 2 2 20 2 0 1 1 2 2
3 7 61 1542 54 1 2 4000 0 2 1 1 2 0 2 3 6 1 0 1 1 1 0
3 1 2 636 18 1 2 1950 3 2 2 1 2 12 3 2 6 1 2 1 1 1 0
3 17 69 423 10 1 2 1490 1 3 1 1 2 12 3 1 18 2 0 1 1 2 0
3 2 113 985 16 1 6 1650 5 3 1 2 2 12 3 1 19 1 2 1 1 1 2
3 10 68 1561 67 1 2 2000 0 2 1 1 2 0 2 3 6 1 0 1 1 1 2
3 10 68 206 48 1 2 2200 0 1 0 1 2 0 2 2 18 2 0 2 2 1 2
3 11 58 1179 10 1 2 2200 3 4 2 2 2 12 3 3 33 2 2 1 1 1 2
3 12 34 1148 65 1 2 2300 0 3 1 1 2 0 2 1 6 1 0 1 1 1 0
3 8 129 262 107 1 5 6500 1 2 1 1 2 3 2 1 19 2 0 1 1 1 0
3 15 76 4 53 1 6 7600 1 1 1 1 2 24 2 3 29 2 0 1 1 1 1
3 8 5 186 73 1 2 5200 1 2 1 1 2 12 5 3 6 1 0 0 0 2 0
3 17 69 689 18 1 2 1460 3 4 1 2 2 24 3 1 18 1 2 1 1 1 2
3 17 69 689 18 1 2 1450 3 4 1 2 2 24 3 1 18 1 2 1 1 1 2
3 14 153 176 35 1 2 4200 1 1 1 1 1 24 2 2 6 1 0 1 1 1 0
3 11 30 1554 39 1 2 4300 0 1 1 1 2 0 2 2 6 1 0 1 1 1 0
3 8 83 1227 63 1 2 4800 0 2 1 1 2 0 2 3 9 2 0 1 1 1 0
3 8 31 1379 80 1 2 6000 0 2 2 1 2 0 2 3 6 1 0 1 1 1 0
3 10 70 353 12 1 4 1520 3 3 1 2 2 24 3 3 19 2 0 2 2 1 0
3 10 70 458 10 1 6 1088 3 5 2 3 2 12 3 3 3 1 0 1 1 1 0
3 17 63 446 17 1 2 1500 3 2 1 1 2 36 3 2 6 1 1 1 1 1 1
3 16 26 273 101 1 6 12800 1 2 2 1 2 0 2 2 33 2 0 1 1 2 2
3 11 74 226 40 1 2 4200 0 2 0 1 1 0 2 1 6 1 0 1 1 1 0
3 7 61 11 64 1 2 4100 1 2 1 1 1 12 2 3 6 1 0 1 1 1 0
3 15 76 760 50 1 2 7000 1 1 0 1 2 36 2 3 25 2 0 1 1 2 2
3 1 64 730 107 1 2 3500 0 2 2 1 2 0 2 1 6 1 0 1 1 1 0
3 1 2 1085 18 1 2 2300 3 3 1 1 2 12 3 2 16 1 2 1 1 1 0
3 16 132 560 138 1 2 11000 1 3 2 1 2 36 2 3 20 2 0 1 1 1 0
3 1 2 1575 25 1 2 2000 3 3 1 1 2 12 3 2 6 1 2 1 1 2 0
3 12 34 909 56 1 2 1999 0 1 1 1 2 0 2 3 16 1 0 0 0 0 0
3 11 33 951 47 1 2 4500 0 1 1 1 2 0 2 1 7 1 0 1 1 1 0
3 1 64 679 97 1 2 2500 0 2 1 1 2 0 2 3 5 1 0 1 1 1 0
3 7 158 1055 9 1 2 2100 3 5 1 2 2 12 3 2 25 2 0 1 1 2 0
3 12 35 1037 59 1 2 2500 0 3 1 1 2 0 2 2 6 1 0 1 1 2 0
3 14 153 668 40 1 2 4000 1 1 1 1 2 0 2 1 6 1 0 1 1 1 0
3 1 161 868 14 1 2 2000 1 3 1 2 1 12 3 1 6 2 2 1 1 1 0
3 6 67 346 85 1 2 1900 0 2 2 1 2 0 2 3 6 1 0 1 1 1 0
3 11 160 151 42 1 1 4200 1 1 1 1 2 24 2 3 7 2 0 1 1 1 0
3 1 79 1005 23 1 2 1800 3 3 1 1 2 12 3 3 6 1 2 0 0 1 0
3 12 80 1008 63 1 2 2200 0 1 1 1 2 0 2 3 24 2 0 1 1 2 0
3 10 151 312 16 1 2 1100 3 5 1 3 2 12 3 2 3 0 2 0 0 0 0
3 12 123 116 32 1 2 1800 3 4 2 4 2 12 3 2 8 1 1 0 0 0 0
3 7 162 17 30 1 2 3300 0 1 1 1 1 0 5 1 6 1 0 1 1 2 0
3 15 13 521 23 1 6 8500 1 2 1 1 2 24 2 2 6 2 0 0 0 0 0
3 1 72 22 10 1 4 1200 1 4 1 2 2 12 3 2 17 0 2 0 0 0 0
3 12 34 1036 65 1 2 2700 0 1 1 1 2 0 2 1 14 1 0 1 1 1 0
3 8 129 1474 58 1 2 5500 1 2 1 1 2 24 2 1 4 1 0 1 1 2 0
3 6 67 702 79 1 2 1900 0 3 1 1 2 0 2 1 6 1 0 1 1 2 2
3 8 128 136 55 1 2 5300 0 2 1 1 1 0 2 2 6 1 0 1 1 1 0
3 2 113 402 68 1 2 1600 3 1 1 1 2 12 3 1 10 2 0 1 1 2 0
3 1 72 215 51 1 2 3000 0 2 1 1 2 0 2 3 6 1 0 1 1 1 0
3 7 61 1428 43 1 2 4000 0 2 1 1 2 0 2 2 6 1 0 1 1 1 0
3 8 19 1341 20 1 2 2700 3 3 0 3 2 12 3 3 35 2 2 1 1 2 2
3 1 2 1363 23 1 2 2300 3 4 0 4 2 12 3 2 17 2 2 1 1 2 0
3 7 100 351 36 1 2 4500 1 1 0 1 1 24 5 3 6 1 0 1 1 1 0
3 6 84 1169 62 1 8 1800 0 2 1 1 2 0 2 3 8 2 0 1 1 2 0
3 12 23 798 20 1 4 1600 3 1 0 1 2 12 3 2 3 0 0 0 0 0 0
3 17 131 25 54 1 2 1700 0 1 1 1 2 0 2 3 4 1 0 1 1 1 0
3 11 39 120 42 1 2 4600 0 1 2 1 2 0 2 3 7 2 0 1 1 1 0
3 10 70 289 12 1 2 1400 3 4 1 2 2 24 3 3 18 2 2 1 1 2 2
3 2 55 1132 30 1 2 2350 0 1 0 1 2 0 2 3 13 1 0 1 1 1 0
3 1 72 962 107 1 2 3800 0 2 2 1 2 0 2 2 18 2 0 1 1 1 0
3 9 32 1433 20 1 2 1200 3 4 1 2 2 12 3 3 24 2 0 1 1 1 0
3 8 129 794 57 1 2 6200 1 2 1 1 2 36 2 3 6 1 0 1 1 2 2
3 1 64 858 56 1 6 2300 0 1 1 1 2 0 2 3 17 1 0 2 2 1 0
3 1 72 1535 88 1 2 3500 0 2 2 1 2 0 2 2 6 1 0 1 1 1 0
3 1 2 636 15 1 2 1500 3 3 0 3 2 12 3 2 18 2 2 1 1 1 0
3 8 129 1118 63 1 2 6200 1 2 1 1 1 36 2 3 6 1 0 1 1 2 0
3 12 23 1100 20 1 3 1800 3 1 0 1 2 12 3 2 3 0 1 0 0 0 2
3 1 64 625 92 1 2 2300 0 2 2 1 2 0 2 2 11 2 0 1 1 2 2
3 8 56 918 71 1 2 6000 0 2 1 1 2 0 2 3 7 1 0 1 1 1 0
3 2 51 722 28 1 2 2500 0 1 1 1 2 0 2 2 4 1 0 2 2 1 0
3 1 110 1568 83 1 2 2800 0 2 1 1 2 0 2 2 4 1 0 1 1 1 0
3 2 113 930 15 1 2 1300 3 2 1 1 2 12 3 2 6 1 2 1 1 1 0
3 1 64 12 83 1 2 1500 0 2 1 1 2 0 2 1 13 1 0 0 0 0 0
3 11 66 301 56 1 2 3800 0 1 1 1 2 0 2 2 6 1 0 1 1 1 0
3 10 62 412 70 1 2 1800 0 2 1 1 2 0 2 2 17 1 0 1 1 0 0
3 2 113 930 20 1 2 1650 3 4 1 2 2 12 3 3 5 1 0 1 1 1 0
3 2 113 930 20 1 2 1500 3 3 1 1 2 12 3 3 5 1 0 1 1 1 0
3 1 82 1466 20 1 2 2200 3 3 1 3 2 12 3 3 6 0 2 0 0 0 0
3 14 10 45 40 1 2 4200 0 1 1 1 1 0 5 2 6 1 0 1 1 1 0
3 16 26 1522 105 1 2 12000 1 2 2 2 2 12 2 2 9 2 0 1 1 1 0
3 6 146 885 28 1 2 1600 0 1 0 1 2 0 2 2 6 1 0 1 1 1 0
3 11 74 1537 15 1 2 2500 3 3 1 1 2 12 3 2 6 1 0 1 1 1 0
3 15 112 645 42 1 2 6300 1 1 1 1 1 12 2 3 7 2 0 1 1 2 2
3 1 134 533 74 1 2 3800 1 2 1 1 1 12 2 3 6 1 0 1 1 1 0
3 1 121 94 15 1 2 1800 3 2 0 1 2 12 3 3 6 1 0 1 1 2 0
3 1 2 728 15 1 2 1780 3 4 0 4 2 12 3 1 14 2 0 1 1 2 0
3 8 56 149 60 1 2 4700 0 2 1 1 2 0 2 3 6 1 0 1 1 1 0
3 14 153 994 12 1 2 2760 1 4 1 2 2 24 3 1 28 2 0 1 1 1 0
3 12 35 1138 117 1 2 3300 0 3 2 2 2 0 2 3 7 1 0 1 1 1 0
3 8 6 480 31 1 2 5800 1 1 0 1 2 24 2 2 7 1 0 1 1 1 0
3 1 121 1014 23 1 2 1950 3 3 1 2 2 12 3 2 33 0 0 0 0 0 0
3 11 66 235 36 1 2 3600 1 1 0 1 1 36 2 3 6 1 0 1 1 1 0
3 6 67 495 25 1 2 1280 1 3 1 1 2 12 3 3 11 2 0 1 1 2 0
3 8 99 941 33 1 2 4600 1 1 1 1 1 36 2 3 5 1 0 1 1 1 2
3 1 79 675 95 1 2 3500 1 2 2 1 2 12 2 3 6 1 0 1 1 2 2
3 12 23 638 12 1 4 1650 3 1 0 1 2 12 3 3 3 0 0 0 0 0 2
3 16 97 710 99 1 2 12800 0 3 1 1 2 0 2 2 20 2 0 1 1 2 2
3 10 70 520 8 1 2 1080 1 4 1 1 2 12 3 3 14 0 2 0 0 0 2
3 1 25 411 98 1 2 3800 0 3 2 1 2 0 2 3 18 2 0 1 1 1 0
3 8 129 1167 40 1 2 5000 0 1 1 1 2 0 2 2 6 1 0 1 1 1 0
3 1 2 636 15 1 2 1500 3 3 1 3 2 12 3 2 6 1 2 1 1 1 0
3 1 138 1567 79 1 2 3200 0 2 2 1 2 0 2 2 6 1 0 1 1 1 0
3 7 158 1531 31 1 2 3800 0 1 0 1 1 0 2 3 6 1 0 1 1 2 0
3 1 79 1520 25 1 2 1900 5 1 0 1 2 12 3 1 6 1 2 1 1 2 0
3 1 41 837 25 1 2 2000 3 3 1 1 2 12 3 2 11 2 2 1 1 1 0
3 1 64 858 65 1 2 2500 0 1 1 1 2 0 2 3 17 1 0 2 2 1 0
3 1 2 636 20 1 2 1500 3 3 1 1 2 12 3 2 6 1 0 1 1 1 0
3 1 135 579 50 1 2 3400 0 1 1 1 1 0 2 3 6 1 0 1 1 2 0
3 11 74 683 43 1 2 3600 0 1 1 1 2 0 2 3 6 1 0 1 1 1 0
3 1 134 919 74 1 2 3800 1 2 1 1 1 12 2 1 6 1 0 1 1 1 0
3 11 39 1384 34 1 2 3500 0 1 0 1 2 0 2 3 5 1 0 1 1 1 0
3 8 6 749 37 1 2 4800 0 1 1 1 2 0 2 2 6 1 0 1 1 2 0
3 15 76 543 14 1 4 3100 3 4 1 2 2 24 3 2 28 0 0 0 0 0 0
3 2 113 1461 22 1 2 1900 3 4 2 2 2 24 3 2 5 1 2 1 1 1 0
3 12 34 367 65 1 2 2000 0 1 1 1 2 0 2 3 18 1 0 1 1 1 0
3 8 99 166 83 1 2 6500 1 2 1 1 2 36 2 3 6 1 0 1 1 1 1
3 11 66 431 59 1 2 4500 1 2 1 1 2 24 2 3 6 1 0 1 1 1 0
3 12 34 6 70 1 2 3500 0 2 1 1 2 0 2 1 12 1 0 1 1 1 0
3 1 2 804 20 1 2 1680 3 3 0 3 2 12 3 2 18 1 2 1 1 1 0
3 1 64 1097 81 1 2 2300 0 2 1 1 2 0 2 2 4 1 0 1 1 2 2
3 15 76 183 37 1 2 7500 1 1 0 1 2 12 2 3 7 1 0 1 1 1 0
3 2 46 1187 57 1 2 2500 0 2 1 1 2 0 2 3 6 1 0 1 1 2 2
3 15 112 828 14 1 2 4200 3 4 2 2 2 12 3 3 29 2 0 1 1 2 0
3 16 97 1270 62 1 1 11000 1 2 1 1 2 24 2 2 26 2 0 1 1 2 2
3 1 135 564 32 1 2 3500 0 1 1 1 2 0 2 3 6 1 0 1 1 1 0
3 17 63 207 10 1 4 1360 1 4 1 2 2 12 3 1 6 1 2 1 1 2 0
3 9 143 129 11 1 2 1260 1 4 1 2 2 12 3 3 18 2 2 1 1 2 0
3 17 69 243 6 1 2 1060 1 3 1 1 2 12 3 3 14 0 0 0 0 0 0
3 16 1 245 101 1 2 12000 1 2 2 1 1 36 2 1 25 2 0 1 1 2 2
3 1 135 1472 43 1 2 3500 0 1 1 1 2 0 2 2 6 1 0 1 1 1 0
3 8 119 629 57 1 2 7000 1 2 0 1 1 12 2 2 6 1 0 1 1 1 0
3 8 144 1410 40 1 2 6000 0 1 1 1 2 0 2 3 6 1 0 1 1 2 0
3 15 115 165 49 1 2 7200 1 1 1 1 2 24 2 3 7 1 0 1 1 2 2
3 3 139 1471 15 1 4 1900 3 4 1 1 2 24 3 2 27 1 0 1 1 1 0
3 7 124 128 40 1 2 4200 0 1 1 1 2 0 2 2 6 1 0 1 1 2 1
3 8 6 720 46 1 2 6500 1 2 0 1 2 12 2 2 6 1 0 1 1 1 0
3 8 144 168 50 1 2 6200 1 2 0 1 2 36 2 2 6 1 0 1 1 1 0
3 1 2 654 12 1 2 1500 3 3 0 3 2 12 3 2 6 1 2 1 1 1 0
3 2 89 127 15 1 2 1890 1 3 1 1 2 12 3 3 6 1 2 1 1 2 0
3 17 63 207 14 1 2 1490 1 4 1 2 2 12 3 1 6 2 2 1 1 2 0
3 1 73 1494 29 1 2 3800 0 1 1 1 2 0 2 2 5 1 0 1 1 2 0
3 8 6 861 10 1 2 2800 3 4 1 2 2 12 3 1 26 2 0 1 1 1 2
3 8 83 1146 62 1 2 4600 0 2 1 1 2 0 2 3 29 2 0 1 1 1 0
3 7 61 331 55 1 2 4200 0 2 1 1 2 0 2 3 6 1 0 1 1 1 0
3 16 157 815 91 1 2 11500 1 2 1 1 2 12 2 1 31 2 0 1 1 2 0
3 1 64 1525 100 1 2 2200 0 2 2 1 2 0 2 2 6 1 0 1 1 1 0
3 1 2 636 18 1 2 1400 3 3 1 1 2 12 3 1 6 1 2 1 1 1 0
3 1 54 894 31 1 2 3800 0 1 0 1 1 0 2 2 6 1 0 1 1 1 0
3 8 42 383 40 1 2 5500 1 1 1 1 2 0 2 2 6 1 0 1 1 1 0
3 8 128 862 56 1 2 5300 0 1 1 1 2 0 2 2 28 2 0 1 1 1 0
3 1 152 704 10 1 2 2230 1 3 1 1 2 12 3 1 6 1 0 1 1 2 0
3 1 16 1214 88 1 2 2500 0 2 2 1 2 0 2 1 6 1 0 1 1 1 2
3 14 94 1468 30 1 4 4300 0 1 0 1 2 0 2 2 5 1 0 1 1 1 0
3 15 112 513 12 1 2 3950 3 4 2 2 2 12 3 2 28 2 0 1 1 2 0
3 8 19 185 28 1 2 3100 3 4 1 1 2 12 3 2 6 1 0 1 1 2 0
3 13 57 912 10 1 4 2400 1 4 1 1 2 24 3 3 6 1 0 1 1 1 0
3 1 72 1239 41 1 2 2500 0 1 1 1 2 0 2 1 29 1 0 2 2 1 0
3 1 54 473 30 1 2 3000 0 1 1 1 1 0 2 3 6 1 0 1 1 1 0
3 8 83 551 79 1 2 5500 0 2 2 1 2 0 2 3 12 2 0 1 1 2 0
3 16 156 893 142 1 2 14000 1 3 2 2 1 36 2 3 34 2 0 1 1 2 2
3 7 61 1539 34 1 2 4200 0 1 1 1 2 0 2 1 6 1 0 1 1 1 0
3 2 116 1458 29 1 2 1680 3 1 1 1 2 12 3 3 4 0 0 0 0 0 0
3 2 116 496 29 1 2 1680 3 1 1 1 2 12 3 3 4 0 0 0 0 0 0
3 2 113 766 12 1 2 1600 3 3 0 1 2 12 3 2 18 2 2 1 1 2 2
3 2 113 766 14 1 2 1600 3 4 2 2 2 12 3 2 18 2 2 1 1 2 2
3 16 97 1094 59 1 8 10000 1 2 1 1 2 12 2 2 6 1 0 1 1 2 1
3 8 119 827 53 1 2 5500 1 1 1 1 2 36 2 2 5 1 0 1 1 2 0
3 8 6 778 50 1 2 6000 1 1 1 1 2 12 2 1 6 1 0 1 1 1 0
3 2 113 766 14 1 2 1600 3 3 1 1 2 12 3 1 18 2 2 1 1 2 2
3 12 34 1436 65 1 2 2500 0 3 1 1 2 0 2 3 6 1 0 1 1 1 0
3 16 156 558 170 1 2 15000 1 3 2 2 2 36 2 3 32 2 0 1 1 2 2
3 7 124 462 49 1 2 4500 0 2 0 1 2 0 2 3 6 1 0 1 1 2 2
3 7 61 1445 39 1 2 4000 0 1 1 1 2 0 2 3 5 1 0 1 1 1 0
3 8 144 68 30 1 2 4800 0 1 1 1 2 0 2 1 6 1 0 1 1 2 0
3 2 113 766 13 1 2 1600 3 4 2 2 2 12 3 2 18 2 2 1 1 2 2
3 2 113 766 14 1 2 1600 3 3 0 1 2 12 3 2 18 2 2 1 1 2 2
3 1 64 996 100 1 2 2200 0 2 2 1 2 0 2 3 17 1 0 1 1 1 0
3 6 84 283 90 1 2 1500 0 3 1 1 2 0 2 2 16 1 0 1 1 1 0
3 2 113 766 10 1 2 1600 3 4 2 2 2 12 3 2 18 2 2 1 1 2 2
3 15 112 227 46 1 2 7300 1 1 1 1 2 24 2 3 4 1 0 1 1 2 2
3 12 35 265 66 1 2 3000 0 3 1 1 2 0 2 3 6 1 0 1 1 2 0
3 11 102 522 49 1 2 3700 0 1 1 1 2 0 2 -2 6 1 0 1 1 1 0
3 1 79 537 20 1 2 1800 1 4 1 2 2 12 3 3 6 1 2 1 1 2 0
3 8 144 198 52 1 2 6500 0 2 1 1 2 0 2 1 6 1 0 1 1 1 2
3 8 129 1534 91 1 2 6800 1 2 2 1 2 24 2 1 24 2 0 1 1 1 0
3 8 6 1108 46 1 4 6000 0 1 1 1 1 0 5 3 18 2 0 1 1 2 0
3 2 113 1353 18 1 2 1100 3 3 1 1 2 12 3 1 11 1 1 1 1 1 0
3 14 163 20 25 1 1 2600 3 1 0 1 2 12 3 3 1 1 2 1 1 1 0
3 1 64 121 66 1 2 2200 0 2 2 1 2 0 2 3 5 1 0 1 1 1 0
3 15 76 1054 16 1 2 4550 3 4 2 2 2 12 3 1 30 0 2 1 1 2 0
3 8 129 363 25 1 2 2800 3 3 2 2 2 24 3 1 30 2 2 1 1 2 0
3 15 76 3 52 1 2 7800 0 1 1 1 2 0 2 2 27 2 0 1 1 1 2
3 11 58 1179 20 1 2 3100 3 3 2 2 2 12 3 3 34 2 0 1 1 1 0
3 7 100 1134 13 1 2 3000 1 1 0 1 2 36 2 3 6 1 0 1 1 1 0
3 16 43 437 80 1 6 13500 1 2 1 1 1 36 2 3 6 1 0 1 1 1 0
3 1 134 197 45 1 2 3500 0 2 1 1 2 0 2 3 6 1 0 1 1 1 0
3 6 84 1169 62 1 2 1600 0 1 1 1 2 0 2 2 8 2 0 1 1 2 0
3 15 13 83 9 1 1 3590 1 3 1 1 2 12 3 3 28 0 0 0 0 0 0
3 8 129 363 28 1 2 3100 3 3 0 3 2 12 3 3 24 2 2 1 1 2 0
3 1 82 1302 18 1 2 2200 3 3 1 3 2 12 3 1 6 1 0 1 1 2 0
3 11 102 26 48 1 2 4000 0 2 1 1 2 0 2 3 6 1 0 1 1 1 0
3 1 105 618 47 1 2 3800 0 1 1 1 2 0 2 3 7 1 0 1 1 1 0
3 2 53 1528 29 1 2 1899 3 1 1 1 2 12 3 3 4 0 0 0 0 0 0
3 8 6 952 44 1 2 6300 0 1 1 1 1 12 2 3 24 2 0 1 1 2 0
3 11 71 159 44 1 2 4500 0 1 1 1 2 0 2 3 6 1 0 1 1 1 0
3 11 71 1584 13 1 4 2490 1 4 1 2 2 12 3 1 4 1 0 1 1 2 0
3 11 74 427 42 1 2 3700 0 1 1 1 1 0 2 3 7 2 0 1 1 2 0
3 2 89 866 18 1 2 1800 3 4 1 2 2 12 3 3 6 1 0 1 1 1 0
3 15 13 1135 75 1 2 8500 1 2 2 1 2 12 2 1 7 1 0 1 1 1 0
3 6 146 1415 40 1 2 1700 0 1 1 1 2 0 2 3 6 1 0 1 1 1 0
3 8 83 1191 81 1 2 6500 1 2 2 1 2 36 2 1 15 2 0 1 1 2 0
3 2 113 771 20 1 2 1800 3 3 1 1 2 12 3 2 18 0 0 0 0 0 0
3 11 74 743 39 1 2 3800 0 1 1 1 2 0 2 3 6 1 0 1 1 1 0
3 13 150 475 27 1 2 3900 0 1 0 1 2 0 2 1 4 1 0 1 1 1 0
3 1 82 360 28 1 2 2200 3 3 1 3 2 12 3 3 14 0 0 0 0 0 0
3 1 138 725 79 1 2 3600 0 2 1 1 2 0 2 1 6 1 0 1 1 1 0
3 1 2 1575 25 1 2 2100 3 3 1 1 2 12 3 2 6 1 2 1 1 2 0
3 1 64 679 109 1 2 3000 0 2 2 1 2 12 2 2 6 1 0 1 1 1 2
3 16 1 1543 112 1 2 12000 1 2 2 2 2 24 2 2 21 2 0 1 1 1 0
3 1 135 1287 15 1 4 2100 3 4 1 1 2 12 3 3 6 1 1 1 1 2 2
3 1 135 1083 37 1 4 3650 0 2 1 1 2 0 2 1 23 2 0 2 2 1 0
3 16 97 1094 66 1 1 15000 1 3 1 1 2 36 2 3 5 1 0 1 1 2 1
3 1 64 1469 106 1 2 2300 0 3 1 1 2 0 2 2 11 2 0 1 1 1 0
3 16 26 1600 64 1 2 10000 1 1 1 1 1 36 2 1 30 2 0 1 1 2 0
3 12 35 711 52 1 2 2300 0 2 1 1 2 0 2 2 6 1 0 1 1 1 0
3 1 79 979 53 1 2 3200 0 1 1 1 2 0 2 2 6 1 0 1 1 1 0
3 8 6 284 11 1 1 3090 1 3 1 1 2 12 3 2 29 0 0 0 0 0 0
3 1 2 1275 22 1 2 1650 5 4 0 3 2 12 3 3 6 1 0 1 1 2 0
3 7 124 462 39 1 2 4300 0 1 1 0 2 0 2 3 6 1 0 1 1 2 2
3 8 42 799 42 1 2 5500 1 1 1 1 2 12 2 1 6 1 0 1 1 1 0
3 11 58 1179 18 1 6 2600 3 4 1 2 2 12 3 1 33 2 0 1 1 1 0
3 8 128 862 90 1 2 7000 0 2 2 1 2 0 2 2 27 2 0 1 1 1 0
3 16 1 1251 106 1 2 15000 1 2 2 1 2 36 2 1 11 2 0 1 1 1 0
3 12 123 1176 83 1 2 2500 0 1 1 1 2 0 2 3 4 1 0 1 1 1 0
3 15 112 572 62 1 2 9000 1 2 1 1 2 36 2 2 24 2 0 1 1 2 0
3 16 104 1084 91 1 6 9500 1 2 2 1 2 36 3 2 18 2 0 1 1 1 0
3 8 128 862 90 1 2 5800 0 2 2 1 2 0 2 2 26 2 0 1 1 1 0
3 8 31 620 68 1 2 6500 1 2 1 1 2 24 2 3 6 1 0 1 1 1 2
3 15 76 1126 65 1 2 8800 1 2 2 1 2 36 2 3 7 1 0 1 1 2 2
3 2 89 879 20 1 2 1800 3 3 1 1 2 12 3 1 13 0 0 0 0 0 0
3 1 72 528 89 1 2 3500 0 2 2 1 2 0 2 1 16 2 0 1 1 2 2
3 16 164 905 99 1 2 12000 0 2 2 1 1 0 2 1 35 2 0 1 1 2 0
3 14 94 292 38 1 6 4300 1 1 1 1 2 12 2 1 6 1 0 1 1 1 0
3 11 39 790 18 1 2 2700 3 3 1 1 2 12 3 2 21 1 0 0 0 0 0
3 13 150 1588 17 1 1 2800 3 4 1 1 2 0 3 1 31 2 0 1 1 1 0
3 10 93 270 18 1 2 1200 3 5 1 3 2 12 3 2 3 0 0 0 0 0 0
3 12 35 30 10 1 4 1290 1 4 1 2 2 12 3 3 10 2 0 1 1 2 0
3 8 6 1272 65 1 2 6800 1 2 1 1 2 24 5 3 18 2 0 1 1 1 0
3 7 124 88 36 1 2 4200 1 1 0 1 1 12 2 1 6 1 0 1 1 2 0
3 12 35 30 13 1 2 1530 1 3 1 1 2 12 3 2 6 1 0 1 1 2 0
3 12 35 30 13 1 2 1630 1 4 1 2 2 12 3 3 9 2 0 1 1 2 0
3 9 143 129 8 1 4 1060 1 3 1 1 2 12 3 1 24 2 2 1 1 2 0
3 8 6 1477 64 1 3 6700 1 1 1 1 1 24 2 3 23 2 0 1 1 2 0
3 1 72 379 73 1 2 3000 0 2 1 1 2 0 2 3 6 1 0 1 1 1 0
3 1 64 70 83 1 2 2800 0 3 1 1 2 0 2 2 6 1 0 1 1 1 0
3 6 27 659 105 1 2 1600 0 2 2 2 2 0 2 -2 6 1 0 1 1 1 0
3 1 72 285 87 1 2 3400 0 2 2 1 2 0 2 2 11 2 0 1 1 1 0
3 9 143 129 11 1 2 1290 1 4 1 2 2 12 3 2 18 0 0 0 0 0 0
3 7 100 943 31 1 4 3800 1 1 1 1 2 12 2 2 3 1 0 1 1 1 0
3 15 76 405 44 1 2 9800 0 1 1 1 2 0 2 3 30 2 0 1 1 2 2
3 1 59 965 101 1 2 1800 0 3 2 1 2 0 2 1 6 1 0 1 1 1 0
3 9 143 129 11 1 2 1260 1 4 1 2 2 12 3 3 18 2 2 1 1 2 0
3 11 66 301 56 1 2 3800 0 1 1 1 1 0 5 3 6 1 0 1 1 1 1
3 1 79 1160 116 1 2 2400 1 3 2 2 2 24 2 2 14 1 0 1 1 2 0
3 9 143 129 11 1 4 1090 1 4 1 2 2 12 3 3 18 2 2 1 1 2 0
3 1 125 646 75 1 2 2500 0 2 2 1 2 0 2 3 14 2 0 1 1 1 0
3 8 42 297 93 1 2 7000 1 2 1 1 2 0 2 1 22 2 0 1 1 1 0
3 8 5 186 90 1 2 6400 1 2 2 1 2 24 2 3 10 1 0 0 0 2 0
3 9 143 129 11 1 2 1260 1 4 1 2 2 12 3 3 18 2 2 1 1 2 0
3 1 72 285 52 1 2 2600 0 1 1 1 1 0 4 2 5 1 0 1 1 1 0
3 2 55 854 20 1 4 2200 0 1 0 1 2 0 2 3 13 2 0 1 1 1 0
3 1 134 1596 55 1 2 3100 1 2 1 1 2 12 2 2 5 1 0 1 1 1 0
3 16 164 611 106 1 2 11000 1 2 2 2 2 12 2 2 26 2 0 1 1 2 0
3 2 89 671 15 1 4 1600 3 4 1 2 2 12 3 2 18 2 2 1 1 2 0
3 1 2 1137 15 1 2 2000 3 2 1 1 2 12 3 3 6 1 0 1 1 1 0
3 12 35 1099 52 1 2 2400 0 2 1 1 2 0 2 2 6 1 0 1 1 1 0
3 2 113 1461 13 1 2 1690 1 3 1 1 2 12 3 3 5 1 0 1 1 2 0
3 16 157 1338 112 1 6 14000 1 3 2 2 2 0 2 3 33 2 0 1 1 2 2
3 2 53 1121 61 1 2 2500 0 1 1 1 2 0 2 3 10 2 0 1 1 1 0
3 2 103 806 12 1 2 1800 3 4 1 2 2 36 3 3 6 1 0 1 1 2 0
3 8 31 617 60 1 2 4800 0 2 1 1 1 0 2 3 6 1 0 1 1 1 0
3 1 2 217 20 1 2 2000 3 3 1 3 2 24 3 2 15 1 2 0 0 0 2
3 12 35 906 89 1 0 3500 0 2 1 2 0 0 0 2 11 2 0 1 1 1 0
3 1 2 953 18 1 4 2000 3 1 0 1 2 12 3 3 6 1 0 1 1 2 0
3 17 63 446 15 1 2 1480 3 3 1 1 2 24 3 2 6 1 1 1 1 1 1
3 10 62 412 70 1 2 2000 0 2 2 1 2 0 2 1 17 1 0 1 1 0 0
3 11 74 569 35 1 2 3500 0 1 1 1 2 0 2 2 6 1 0 1 1 1 0
3 2 53 112 26 1 2 1650 3 1 1 1 2 12 3 3 4 0 0 0 0 0 0
3 3 139 225 20 1 4 2300 3 5 1 3 2 24 2 1 30 2 0 1 1 1 0
3 1 15 145 122 1 2 3500 0 3 2 2 2 0 2 3 6 1 0 1 1 1 0
3 13 22 1462 10 1 4 2980 1 3 1 1 2 12 2 1 30 0 0 0 0 0 0
3 1 64 928 82 1 2 2300 0 2 2 1 2 0 2 2 5 1 0 1 1 1 0
3 11 160 565 11 1 7 2500 3 5 0 2 2 36 3 1 33 2 2 1 1 2 2
3 1 2 1602 24 1 2 2050 1 3 0 2 2 24 3 1 16 2 2 1 1 2 0
3 10 48 1039 61 1 2 2000 1 1 1 1 2 36 4 2 8 1 0 0 0 0 0
3 1 125 1271 56 1 2 3500 0 2 1 1 2 0 2 2 5 1 0 1 1 1 0
3 1 72 194 60 1 2 2500 0 1 1 1 2 0 2 3 6 1 0 1 1 2 2
3 11 102 1488 59 1 2 3800 0 1 1 1 2 0 2 3 6 1 0 1 1 1 0
3 6 84 1169 62 1 2 1600 0 1 1 1 2 0 2 2 8 2 0 1 1 2 0
3 8 127 700 40 1 2 6000 1 1 1 1 2 12 2 3 6 1 0 1 1 1 2
3 1 2 747 15 1 2 1600 3 3 0 3 2 12 3 1 17 2 0 1 1 1 0
3 16 132 1352 61 1 2 10000 1 1 1 1 2 36 2 3 24 2 0 1 1 2 0
3 11 102 205 14 1 2 2000 3 3 1 1 2 12 3 3 6 0 2 0 0 0 0
3 11 33 463 35 1 2 3700 0 1 0 1 1 0 2 3 5 1 0 1 1 1 0
3 11 160 224 15 1 2 3150 3 4 1 2 2 24 2 3 33 2 0 1 1 2 2
3 8 99 1074 37 1 2 4700 1 1 1 1 1 12 2 3 6 1 0 1 1 2 0
3 7 47 575 53 1 2 4500 0 1 1 1 1 0 2 3 6 1 0 1 1 2 2
3 16 156 787 126 1 2 13000 1 2 2 2 2 36 2 1 31 2 0 1 1 2 2
3 10 93 709 12 1 4 1200 3 4 1 2 2 12 3 2 6 0 0 0 0 0 0
3 1 134 919 62 1 2 3500 1 2 1 1 2 12 2 2 6 1 0 1 1 1 0
3 16 164 175 103 1 2 11000 1 3 2 2 2 12 2 1 11 2 0 1 1 1 0
3 8 141 1199 33 1 2 6000 1 1 1 1 2 36 2 1 6 1 0 1 1 2 2
3 1 79 1563 49 1 2 3000 0 1 1 1 1 0 2 3 6 1 0 1 1 1 0
3 1 2 1137 18 1 2 1500 3 3 1 1 2 12 3 3 6 1 0 1 1 1 0
3 1 134 1473 54 1 2 3600 1 2 1 1 2 0 2 1 11 1 0 1 1 1 0
3 8 129 262 109 1 2 7000 0 2 1 1 2 0 2 1 19 2 0 1 1 1 0
3 1 134 246 56 1 2 3300 1 2 1 1 2 12 2 3 6 1 0 1 1 1 0
3 17 69 163 54 1 2 1800 0 1 1 1 2 0 2 1 18 1 0 1 1 1 0
3 7 61 733 39 1 2 3800 0 1 0 1 2 0 2 1 6 1 0 1 1 2 0
3 8 6 952 49 1 8 6000 1 1 1 1 2 12 2 2 24 2 0 1 1 2 0
3 16 43 437 57 1 2 10000 1 1 2 1 1 24 2 3 6 1 0 1 1 1 0
3 12 80 1008 82 1 2 2500 0 2 2 1 2 0 2 3 22 1 0 1 1 1 0
3 1 79 1387 57 1 2 3200 0 1 1 1 1 0 2 2 6 1 0 1 1 1 0
3 11 71 27 41 1 2 3600 0 1 1 1 2 0 4 3 6 1 0 1 1 1 0
3 2 53 786 25 1 2 1550 3 1 1 1 2 12 3 3 3 0 0 0 0 0 0
3 12 23 705 25 1 2 1900 1 1 0 1 2 12 3 3 3 0 0 0 0 0 0
3 14 163 623 25 1 2 2600 3 1 0 1 2 12 3 3 1 1 2 1 1 1 2
3 1 72 215 52 1 2 2700 0 1 1 1 1 0 2 3 5 1 0 1 1 1 0
3 8 129 836 64 1 2 6500 0 3 1 1 2 0 2 3 6 1 0 1 1 2 1
3 12 34 400 125 1 2 3500 0 3 2 2 1 0 2 1 5 1 0 1 1 1 0
3 10 48 780 17 1 1 2151 0 1 0 1 2 0 2 2 18 1 0 2 2 1 0
3 1 133 396 23 1 2 1700 1 4 1 2 2 12 3 3 6 1 2 1 1 1 0
3 12 20 907 75 1 2 3000 0 2 1 1 2 0 2 -2 14 1 0 0 0 1 0
3 2 113 295 25 1 2 1700 3 3 1 1 2 12 3 2 14 2 1 1 1 1 0
3 2 89 968 16 1 2 1800 3 5 1 2 2 12 3 2 5 1 2 1 1 1 2
3 1 79 1331 46 1 2 3500 0 1 1 1 2 0 2 3 6 1 0 1 1 1 0
3 8 144 541 35 1 2 6200 1 1 1 1 2 36 2 3 6 1 0 1 1 2 0
3 12 123 1012 20 1 1 1250 5 1 1 1 2 24 3 3 3 0 0 0 0 0 0
3 15 112 35 53 1 2 7600 1 2 0 1 2 12 2 3 7 1 0 1 1 2 2
3 2 113 935 38 1 2 1700 3 1 0 1 2 24 2 2 5 1 0 1 1 1 0
3 8 6 749 40 1 2 5000 1 1 1 1 1 24 2 1 6 1 0 1 1 2 0
3 15 13 1506 54 1 2 8400 1 1 0 1 2 12 2 3 38 2 0 1 1 1 2
3 8 56 958 12 1 2 2760 1 4 1 1 2 12 3 1 6 1 0 1 1 2 0
3 1 135 1091 49 1 2 3800 1 1 1 1 2 12 2 3 6 1 0 1 1 1 0
3 1 64 203 145 1 2 3600 0 4 2 2 2 0 2 3 27 1 0 1 1 2 2
3 15 115 251 59 1 2 9500 1 1 2 1 2 12 2 2 31 2 0 1 1 2 2
3 16 164 102 97 1 2 12300 1 2 2 1 2 36 2 2 31 2 0 1 1 2 0
3 8 56 958 15 1 2 2930 1 4 1 2 2 12 3 3 6 1 0 1 1 2 0
3 15 76 777 59 1 2 7500 0 1 1 1 2 0 2 1 33 2 0 1 1 1 0
3 8 56 933 16 1 2 3290 1 3 1 1 2 12 3 3 18 2 0 1 1 2 0
3 11 74 226 33 1 2 3800 0 1 1 1 1 0 5 2 6 1 0 1 1 1 0
3 11 66 38 76 1 2 4500 1 1 2 1 2 12 2 2 26 2 0 1 1 1 0
3 12 35 711 56 1 2 2300 0 2 1 1 1 0 2 3 6 1 0 1 1 1 0
3 14 94 1117 42 1 2 4000 0 1 1 1 2 0 5 3 6 1 0 1 1 1 0
3 8 6 1219 25 1 2 3000 3 3 1 2 2 12 3 1 31 2 0 0 0 0 2
3 1 125 913 53 1 2 3700 0 1 1 1 1 0 2 2 5 1 0 1 1 1 0
3 1 134 919 60 1 2 3800 1 2 1 1 2 12 2 3 6 1 0 1 1 1 0
3 8 6 1188 32 1 2 5200 0 1 1 1 2 0 2 3 5 1 0 1 1 2 2
3 15 112 490 10 1 2 3000 3 4 2 2 2 12 3 3 24 2 2 1 1 2 2
3 12 23 798 20 1 2 1500 3 4 1 1 2 12 3 1 18 2 0 0 0 0 0
3 1 2 1030 15 1 2 1500 3 3 0 2 2 36 3 2 11 0 2 0 0 0 0
3 12 123 435 35 1 2 1750 5 1 1 1 2 24 3 2 10 2 1 2 2 2 2
3 2 113 1589 20 1 2 1800 3 3 1 1 2 12 3 3 18 0 0 0 0 0 0
3 1 134 1045 50 1 2 2600 1 1 1 1 2 12 2 2 6 1 0 1 1 1 0
3 1 72 1478 66 1 2 3500 0 2 1 1 2 0 2 3 14 2 0 1 1 1 0
3 1 16 1172 87 1 2 2600 0 3 1 1 2 0 2 3 6 1 0 1 1 1 0
3 2 113 1564 12 1 2 1160 3 3 1 1 2 12 3 2 30 2 2 1 1 2 0
3 17 63 446 21 1 2 1480 3 3 1 1 2 24 3 3 6 1 1 1 1 1 1
3 8 56 149 78 1 2 5700 0 2 1 1 1 0 2 3 6 1 0 1 1 1 0
3 12 78 508 89 1 2 3300 0 2 1 1 2 0 2 2 6 1 0 0 0 1 0
3 1 72 1065 72 1 2 3500 0 2 1 1 2 0 2 3 6 1 0 1 1 1 0
3 8 144 541 52 1 2 6500 1 2 1 1 2 36 2 2 6 1 0 1 1 2 0
3 11 71 807 18 1 2 2300 1 3 1 1 2 12 3 3 6 1 2 1 1 2 0
3 11 39 240 40 1 2 4000 1 1 1 1 1 12 2 3 6 1 0 1 1 1 0
3 11 71 27 44 1 2 4300 0 1 1 1 2 0 5 3 6 1 0 1 1 1 0
3 2 113 527 18 1 6 1450 1 3 2 1 2 24 3 3 8 0 1 0 0 0 2
3 1 64 679 80 1 2 2600 0 2 1 1 2 0 2 1 5 1 0 1 1 1 0
3 17 50 633 90 1 2 1800 0 2 2 1 2 0 2 3 6 1 0 1 1 1 0
3 16 97 1270 84 1 2 11500 0 2 1 1 1 0 5 2 27 2 0 1 1 2 2
3 2 46 395 28 1 2 1300 1 5 0 1 2 0 3 2 13 0 2 0 0 0 0
3 8 83 1227 86 1 2 5500 0 2 2 1 2 0 2 1 11 2 0 1 1 1 0
3 1 125 1076 70 1 2 3200 0 2 1 1 2 0 2 3 5 1 0 1 1 1 0
3 2 89 1061 12 1 2 1450 3 5 1 2 2 12 3 1 13 2 0 1 1 1 0
3 1 79 132 76 1 2 3800 0 2 1 1 1 0 2 3 6 1 0 1 1 1 0
3 8 129 1171 61 1 2 5200 3 2 1 1 2 12 2 3 5 1 0 1 1 2 2
3 1 16 1259 90 1 4 3500 1 3 2 1 2 12 2 3 6 1 0 1 1 1 0
3 1 52 1268 80 1 2 2500 0 2 2 1 2 0 2 2 5 1 0 1 1 1 0
3 2 116 1581 20 1 2 1500 3 3 1 1 2 12 3 3 6 0 0 0 0 0 0
3 1 2 636 20 1 2 1700 3 3 0 3 2 12 3 3 18 2 2 1 1 1 0
3 8 129 363 27 1 2 2750 3 3 1 3 2 12 3 3 24 2 2 1 1 2 2
3 11 30 706 52 1 2 4500 0 1 1 1 2 0 2 1 24 2 0 1 1 1 0
